Depth	Temperature
m	'C
1.45	27.9451
1.50	27.9419
1.55	27.9359
1.60	27.929
1.65	27.9187
1.70	27.911
1.75	27.9047
1.80	27.8917
1.85	27.8809
1.90	27.8717
1.95	27.8603
2.00	27.8528
2.05	27.84
2.10	27.8286
2.15	27.8139
2.20	27.8015
2.25	27.7872
2.30	27.7713
2.35	27.7528
2.40	27.739
2.45	27.7248
2.50	27.7046
2.55	27.683
2.60	27.6643
2.65	27.6459
2.70	27.6277
2.75	27.6001
2.80	27.5813
2.85	27.5536
2.90	27.5167
2.95	27.4841
3.00	27.4535
3.05	27.4189
3.10	27.3818
3.15	27.3497
3.20	27.3186
3.25	27.2814
3.30	27.2526
3.35	27.2148
3.40	27.1853
3.45	27.1534
3.50	27.1175
3.55	27.0862
3.60	27.0514
3.65	27.016
3.70	26.9883
3.75	26.9515
3.80	26.9183
3.85	26.8889
3.90	26.8541
3.95	26.8221
4.00	26.7922
4.05	26.7618
4.10	26.7317
4.15	26.6977
4.20	26.6662
4.25	26.6382
4.30	26.6112
4.35	26.582
4.40	26.5425
4.45	26.5069
4.50	26.4786
4.55	26.4458
4.60	26.4133
4.65	26.3843
4.70	26.3516
4.75	26.319
4.80	26.2914
4.85	26.2604
4.90	26.2339
4.95	26.2045
5.00	26.1771
5.05	26.1428
5.10	26.1143
5.15	26.0877
5.20	26.0579
5.25	26.0272
5.30	26.0018
5.35	25.9713
5.40	25.9428
5.45	25.9192
5.50	25.8889
5.55	25.8664
5.60	25.8388
5.65	25.8117
5.70	25.7918
5.75	25.763
5.80	25.7408
5.85	25.7164
5.90	25.6924
5.95	25.6698
6.00	25.6428
6.05	25.619
6.10	25.5983
6.15	25.5723
6.20	25.5528
6.25	25.5336
6.30	25.508
6.35	25.4891
6.40	25.4616
6.45	25.4408
6.50	25.42
6.55	25.3963
6.60	25.3765
6.65	25.3545
6.70	25.3353
6.75	25.3157
6.80	25.2964
6.85	25.2785
6.90	25.2555
6.95	25.2367
7.00	25.2205
7.05	25.1986
7.10	25.1796
7.15	25.1618
7.20	25.1437
7.25	25.1261
7.30	25.1075
7.35	25.088
7.40	25.074
7.45	25.054
7.50	25.0366
7.55	25.0217
7.60	25.0043
7.65	24.9892
7.70	24.9723
7.75	24.9545
7.80	24.9401
7.85	24.9223
7.90	24.9066
7.95	24.8908
8.00	24.8752
8.05	24.8593
8.10	24.8467
8.15	24.8314
8.20	24.8166
8.25	24.8025
8.30	24.7904
8.35	24.776
8.40	24.7624
8.45	24.7497
8.50	24.7338
8.55	24.7197
8.60	24.7073
8.65	24.6923
8.70	24.6791
8.75	24.6625
8.80	24.6519
8.85	24.6388
8.90	24.6242
8.95	24.6111
9.00	24.5986
9.05	24.5866
9.10	24.5742
9.15	24.563
9.20	24.5517
9.25	24.5395
9.30	24.5286
9.35	24.516
9.40	24.5031
9.45	24.4937
9.50	24.4835
9.55	24.4706
9.60	24.4578
9.65	24.4483
9.70	24.4359
9.75	24.426
9.80	24.4142
9.85	24.4049
9.90	24.3949
9.95	24.3842
10.00	24.3746
10.05	24.3625
10.10	24.3532
10.15	24.3442
10.20	24.3345
10.25	24.3239
10.30	24.3142
10.35	24.3052
10.40	24.2948
10.45	24.2868
10.50	24.2775
10.55	24.2674
10.60	24.2577
10.65	24.2494
10.70	24.2403
10.75	24.229
10.80	24.2214
10.85	24.213
10.90	24.2049
10.95	24.1958
11.00	24.186
11.05	24.1773
11.10	24.1714
11.15	24.1606
11.20	24.1517
11.25	24.1446
11.30	24.1371
11.35	24.126
11.40	24.1188
11.45	24.1125
11.50	24.1023
11.55	24.0921
11.60	24.0857
11.65	24.0762
11.70	24.0684
11.75	24.0606
11.80	24.0516
11.85	24.0439
11.90	24.0358
11.95	24.0273
12.00	24.0205
12.05	24.0126
12.10	24.0043
12.15	23.9971
12.20	23.9884
12.25	23.9804
12.30	23.9726
12.35	23.965
12.40	23.9589
12.45	23.9509
12.50	23.9419
12.55	23.9334
12.60	23.926
12.65	23.9195
12.70	23.9135
12.75	23.9032
12.80	23.8976
12.85	23.89
12.90	23.8832
12.95	23.8755
13.00	23.8682
13.05	23.8612
13.10	23.8515
13.15	23.8458
13.20	23.8384
13.25	23.8302
13.30	23.8226
13.35	23.8155
13.40	23.808
13.45	23.8011
13.50	23.7937
13.55	23.7869
13.60	23.7788
13.65	23.7726
13.70	23.7657
13.75	23.7579
13.80	23.7512
13.85	23.7434
13.90	23.7342
13.95	23.7272
14.00	23.7213
14.05	23.714
14.10	23.7071
14.15	23.6992
14.20	23.6913
14.25	23.6852
14.30	23.6786
14.35	23.6694
14.40	23.6631
14.45	23.6559
14.50	23.6489
14.55	23.6419
14.60	23.6344
14.65	23.6275
14.70	23.6183
14.75	23.6123
14.80	23.6071
14.85	23.5981
14.90	23.5917
14.95	23.5846
15.00	23.5762
15.05	23.5695
15.10	23.5638
15.15	23.5573
15.20	23.5475
15.25	23.5413
15.30	23.5346
15.35	23.5274
15.40	23.5209
15.45	23.5139
15.50	23.5064
15.55	23.4998
15.60	23.4923
15.65	23.4843
15.70	23.4785
15.75	23.4705
15.80	23.4644
15.85	23.4556
15.90	23.4488
15.95	23.4408
16.00	23.4347
16.05	23.4288
16.10	23.421
16.15	23.4144
16.20	23.4068
16.25	23.399
16.30	23.3918
16.35	23.3842
16.40	23.3778
16.45	23.3718
16.50	23.3632
16.55	23.3574
16.60	23.3487
16.65	23.343
16.70	23.3351
16.75	23.3267
16.80	23.3216
16.85	23.3125
16.90	23.307
16.95	23.3008
17.00	23.292
17.05	23.2857
17.10	23.2802
17.15	23.2717
17.20	23.2629
17.25	23.2576
17.30	23.2505
17.35	23.2441
17.40	23.2368
17.45	23.2301
17.50	23.223
17.55	23.2138
17.60	23.2089
17.65	23.2014
17.70	23.1947
17.75	23.1888
17.80	23.1811
17.85	23.175
17.90	23.1667
17.95	23.1595
18.00	23.1529
18.05	23.1462
18.10	23.1384
18.15	23.1325
18.20	23.1285
18.25	23.12
18.30	23.1135
18.35	23.1057
18.40	23.0999
18.45	23.0921
18.50	23.0857
18.55	23.079
18.60	23.0712
18.65	23.066
18.70	23.059
18.75	23.0513
18.80	23.0454
18.85	23.0372
18.90	23.0307
18.95	23.0244
19.00	23.018
19.05	23.0104
19.10	23.0045
19.15	22.9984
19.20	22.9894
19.25	22.9845
19.30	22.9789
19.35	22.9707
19.40	22.9639
19.45	22.9575
19.50	22.9504
19.55	22.9458
19.60	22.9363
19.65	22.9304
19.70	22.9249
19.75	22.9177
19.80	22.9109
19.85	22.9053
19.90	22.8975
19.95	22.8904
20.00	22.8852
20.05	22.8789
20.10	22.8717
20.15	22.865
20.20	22.8576
20.25	22.8517
20.30	22.8464
20.35	22.8374
20.40	22.8321
20.45	22.826
20.50	22.8191
20.55	22.8124
20.60	22.8074
20.65	22.7994
20.70	22.7938
20.75	22.7856
20.80	22.7796
20.85	22.774
20.90	22.7661
20.95	22.7606
21.00	22.753
21.05	22.7467
21.10	22.7407
21.15	22.7362
21.20	22.7301
21.25	22.723
21.30	22.7168
21.35	22.7099
21.40	22.7048
21.45	22.6986
21.50	22.6917
21.55	22.6867
21.60	22.679
21.65	22.6757
21.70	22.6692
21.75	22.6618
21.80	22.6575
21.85	22.6512
21.90	22.6434
21.95	22.6379
22.00	22.6329
22.05	22.6264
22.10	22.6203
22.15	22.6136
22.20	22.6088
22.25	22.6027
22.30	22.5963
22.35	22.5897
22.40	22.5841
22.45	22.5791
22.50	22.574
22.55	22.5674
22.60	22.5625
22.65	22.5552
22.70	22.5487
22.75	22.5437
22.80	22.537
22.85	22.5332
22.90	22.5263
22.95	22.5202
23.00	22.5137
23.05	22.5081
23.10	22.5038
23.15	22.4972
23.20	22.4926
23.25	22.485
23.30	22.4789
23.35	22.4762
23.40	22.47
23.45	22.4626
23.50	22.4588
23.55	22.45
23.60	22.446
23.65	22.4403
23.70	22.4344
23.75	22.4282
23.80	22.4241
23.85	22.4169
23.90	22.412
23.95	22.4064
24.00	22.4
24.05	22.393
24.10	22.3891
24.15	22.3826
24.20	22.3767
24.25	22.3718
24.30	22.3662
24.35	22.359
24.40	22.3539
24.45	22.3491
24.50	22.3418
24.55	22.3379
24.60	22.3324
24.65	22.3273
24.70	22.322
24.75	22.3152
24.80	22.3096
24.85	22.3053
24.90	22.2999
24.95	22.2932
25.00	22.2896
25.05	22.2823
25.10	22.2771
25.15	22.2726
25.20	22.2675
25.25	22.2607
25.30	22.2565
25.35	22.2509
25.40	22.2467
25.45	22.2404
25.50	22.2346
25.55	22.2301
25.60	22.2234
25.65	22.2196
25.70	22.2134
25.75	22.2091
25.80	22.2026
25.85	22.1982
25.90	22.1916
25.95	22.1874
26.00	22.1841
26.05	22.1765
26.10	22.173
26.15	22.168
26.20	22.1626
26.25	22.1575
26.30	22.1546
26.35	22.1474
26.40	22.1444
26.45	22.1386
26.50	22.1345
26.55	22.1281
26.60	22.1239
26.65	22.1196
26.70	22.1148
26.75	22.1099
26.80	22.1047
26.85	22.0998
26.90	22.0958
26.95	22.0896
27.00	22.0863
27.05	22.0816
27.10	22.0774
27.15	22.0735
27.20	22.0698
27.25	22.0633
27.30	22.06
27.35	22.0571
27.40	22.0512
27.45	22.0467
27.50	22.0424
27.55	22.0371
27.60	22.0354
27.65	22.0307
27.70	22.0262
27.75	22.0218
27.80	22.0173
27.85	22.0128
27.90	22.0085
27.95	22.0048
28.00	22.0015
28.05	21.9976
28.10	21.9932
28.15	21.9886
28.20	21.9842
28.25	21.9799
28.30	21.9764
28.35	21.9715
28.40	21.9677
28.45	21.9649
28.50	21.9613
28.55	21.957
28.60	21.9521
28.65	21.9477
28.70	21.9448
28.75	21.9405
28.80	21.9379
28.85	21.9339
28.90	21.9285
28.95	21.9277
29.00	21.9227
29.05	21.9196
29.10	21.9152
29.15	21.9124
29.20	21.9083
29.25	21.9039
29.30	21.9016
29.35	21.8972
29.40	21.8941
29.45	21.8913
29.50	21.8877
29.55	21.8842
29.60	21.8817
29.65	21.8798
29.70	21.8773
29.75	21.8739
29.80	21.8729
29.85	21.8698
29.90	21.8655
29.95	21.8628
30.00	21.8598
30.05	21.8592
30.10	21.8532
30.15	21.8534
30.20	21.8496
30.25	21.8459
30.30	21.8436
30.35	21.8388
30.40	21.8366
30.45	21.8333
30.50	21.8314
30.55	21.8277
30.60	21.8233
30.65	21.8211
30.70	21.8181
30.75	21.8153
30.80	21.8114
30.85	21.8074
30.90	21.8045
30.95	21.8007
31.00	21.7979
31.05	21.7954
31.10	21.7926
31.15	21.7879
31.20	21.785
31.25	21.7818
31.30	21.7799
31.35	21.3504
31.40	20.278
31.45	20.1251
31.50	20.0799
31.55	20.0629
31.60	20.0284
31.65	20.0145
31.70	19.9937
31.75	19.9722
31.80	19.9497
31.85	19.9305
31.90	19.9156
31.95	19.8991
32.00	19.8861
32.05	19.8742
32.10	19.8628
32.15	19.8504
32.20	19.8404
32.25	19.8343
32.30	19.8246
32.35	19.8142
32.40	19.8095
32.45	19.8051
32.50	19.8007
32.55	19.7944
32.60	19.7896
32.65	19.7875
32.70	19.7837
32.75	19.7808
32.80	19.7772
32.85	19.7747
32.90	19.7737
32.95	19.7709
33.00	19.7671
33.05	19.7648
33.10	19.7626
33.15	19.7616
33.20	19.7609
33.25	19.7585
33.30	19.7582
33.35	19.7567
33.40	19.7559
33.45	19.7532
33.50	19.7499
33.55	19.7485
33.60	19.7483
33.65	19.7485
33.70	19.7481
33.75	19.7454
33.80	19.7435
33.85	19.7424
33.90	19.7405
33.95	19.7417
34.00	19.7394
34.05	19.7395
34.10	19.7397
34.15	19.742
34.20	19.7429
34.25	19.7422
34.30	19.7406
34.35	19.7407
34.40	19.7402
34.45	19.7384
34.50	19.7397
34.55	19.7415
34.60	19.7428
34.65	19.7415
34.70	19.7411
34.75	19.7399
34.80	19.7391
34.85	19.739
34.90	19.742
34.95	19.7465
35.00	19.7524
35.05	19.754
35.10	19.7534
35.15	19.7508
35.20	19.7491
35.25	19.7508
35.30	19.752
35.35	19.7549
35.40	19.7574
35.45	19.7585
35.50	19.76
35.55	19.7581
35.60	19.7587
35.65	19.7582
35.70	19.7592
35.75	19.7574
35.80	19.7585
35.85	19.7582
35.90	19.7568
35.95	19.756
36.00	19.7548
36.05	19.7564
36.10	19.757
36.15	19.7575
36.20	19.7576
36.25	19.7582
36.30	19.7589
36.35	19.7601
36.40	19.7599
36.45	19.7593
36.50	19.7604
36.55	19.7597
36.60	19.7586
36.65	19.7583
36.70	19.7589
36.75	19.7597
36.80	19.7586
36.85	19.7579
36.90	19.7591
36.95	19.7589
37.00	19.7595
37.05	19.76
37.10	19.7593
37.15	19.7601
37.20	19.7604
37.25	19.76
37.30	19.7598
37.35	19.7608
37.40	19.7605
37.45	19.7603
37.50	19.7607
37.55	19.7608
37.60	19.7618
37.65	19.7611
37.70	19.7623
37.75	19.7622
37.80	19.7636
37.85	19.7638
37.90	19.7648
37.95	19.7644
38.00	19.7643
38.05	19.7641
38.10	19.7646
38.15	19.7651
38.20	19.7638
38.25	19.765
38.30	19.7653
38.35	19.7653
38.40	19.7666
38.45	19.7646
38.50	19.7646
38.55	19.7656
38.60	19.7652
38.65	19.7646
38.70	19.7661
38.75	19.7656
38.80	19.7664
38.85	19.7653
38.90	19.7668
38.95	19.7669
39.00	19.7668
39.05	19.7667
39.10	19.7662
39.15	19.7671
39.20	19.7676
39.25	19.7661
39.30	19.7666
39.35	19.7687
39.40	19.7687
39.45	19.7671
39.50	19.7672
39.55	19.7676
39.60	19.7674
39.65	19.7679
39.70	19.7665
39.75	19.7667
39.80	19.7671
39.85	19.7669
39.90	19.7671
39.95	19.7679
40.00	19.767
40.05	19.7676
40.10	19.7685
40.15	19.769
40.20	19.7715
40.25	19.7731
40.30	19.7752
40.35	19.7782
40.40	19.7782
40.45	19.7793
40.50	19.7792
40.55	19.7794
40.60	19.7792
40.65	19.7789
40.70	19.7791
40.75	19.7798
40.80	19.7905
40.85	19.801
40.90	19.8112
40.95	19.8203
41.00	19.8249
41.05	19.8297
41.10	19.8343
41.15	19.8369
41.20	19.8386
41.25	19.8392
41.30	19.8403
41.35	19.8442
41.40	19.8463
41.45	19.8471
41.50	19.8477
41.55	19.849
41.60	19.8491
41.65	19.848
41.70	19.8485
41.75	19.8497
41.80	19.8504
41.85	19.8509
41.90	19.8521
41.95	19.8516
42.00	19.8518
42.05	19.8521
42.10	19.852
42.15	19.8539
42.20	19.8546
42.25	19.8556
42.30	19.8555
42.35	19.8554
42.40	19.856
42.45	19.8568
42.50	19.8573
42.55	19.8586
42.60	19.8591
42.65	19.859
42.70	19.8606
42.75	19.861
42.80	19.8613
42.85	19.8638
42.90	19.8642
42.95	19.8637
43.00	19.8649
43.05	19.8646
43.10	19.8657
43.15	19.8656
43.20	19.8662
43.25	19.8666
43.30	19.8676
43.35	19.8664
43.40	19.8704
43.45	19.8696
43.50	19.8695
43.55	19.8709
43.60	19.8729
43.65	19.8739
43.70	19.8744
43.75	19.8739
43.80	19.8761
43.85	19.8777
43.90	19.877
43.95	19.8784
44.00	19.8787
44.05	19.8803
44.10	19.8814
44.15	19.8824
44.20	19.8852
44.25	19.8921
44.30	19.8944
44.35	19.8991
44.40	19.9017
44.45	19.9061
44.50	19.9104
44.55	19.9147
44.60	19.9229
44.65	19.9297
44.70	19.9348
44.75	19.9382
44.80	19.9419
44.85	19.9437
44.90	19.9443
44.95	19.9458
45.00	19.9463
45.05	19.9488
45.10	19.9488
45.15	19.9525
45.20	19.9525
45.25	19.9518
45.30	19.9521
45.35	19.9516
45.40	19.9542
45.45	19.9552
45.50	19.9584
45.55	19.9589
45.60	19.959
45.65	19.9605
45.70	19.965
45.75	19.9668
45.80	19.9676
45.85	19.9683
45.90	19.9698
45.95	19.9734
46.00	19.9767
46.05	19.9801
46.10	19.9808
46.15	19.9828
46.20	19.9822
46.25	19.9829
46.30	19.9829
46.35	19.9831
46.40	19.9828
46.45	19.9827
46.50	19.9821
46.55	19.9831
46.60	19.9859
46.65	19.988
46.70	19.9898
46.75	19.9927
46.80	19.9935
46.85	19.9942
46.90	19.9942
46.95	19.9951
47.00	19.9952
47.05	19.9954
47.10	19.9957
47.15	19.9981
47.20	19.9958
47.25	19.9946
47.30	19.9951
47.35	19.9977
47.40	19.9989
47.45	20.0012
47.50	20.0005
47.55	20.0008
47.60	20.0013
47.65	20.0028
47.70	20.0038
47.75	20.0048
47.80	20.006
47.85	20.0055
47.90	20.0043
47.95	20.0056
48.00	20.0078
48.05	20.0082
48.10	20.0084
48.15	20.0094
48.20	20.0089
48.25	20.0102
48.30	20.0135
48.35	20.0146
48.40	20.0176
48.45	20.0183
48.50	20.0185
48.55	20.0192
48.60	20.0213
48.65	20.0217
48.70	20.0226
48.75	20.0231
48.80	20.0234
48.85	20.0252
48.90	20.0262
48.95	20.0283
49.00	20.0301
49.05	20.0283
49.10	20.0288
49.15	20.0288
49.20	20.0318
49.25	20.0331
49.30	20.0349
49.35	20.0354
49.40	20.036
49.45	20.0352
49.50	20.0363
49.55	20.0374
49.60	20.0393
49.65	20.0417
49.70	20.0432
49.75	20.0443
49.80	20.0446
49.85	20.047
49.90	20.0503
49.95	20.0543
50.00	20.0571
50.05	20.0588
50.10	20.0616
50.15	20.0644
50.20	20.0676
50.25	20.071
50.30	20.0723
50.35	20.0729
50.40	20.0728
50.45	20.0728
50.50	20.0744
50.55	20.0742
50.60	20.0757
50.65	20.0763
50.70	20.0753
50.75	20.0744
50.80	20.0747
50.85	20.0792
50.90	20.0819
50.95	20.0838
51.00	20.083
51.05	20.0832
51.10	20.0825
51.15	20.0823
51.20	20.0828
51.25	20.0871
51.30	20.0912
51.35	20.0943
51.40	20.0949
51.45	20.0934
51.50	20.0932
51.55	20.0932
51.60	20.0926
51.65	20.0934
51.70	20.0934
51.75	20.0937
51.80	20.0964
51.85	20.1009
51.90	20.1021
51.95	20.1037
52.00	20.1027
52.05	20.1034
52.10	20.1046
52.15	20.105
52.20	20.1069
52.25	20.1109
52.30	20.1128
52.35	20.1127
52.40	20.1138
52.45	20.1134
52.50	20.1141
52.55	20.1133
52.60	20.1132
52.65	20.1155
52.70	20.1168
52.75	20.1185
52.80	20.1206
52.85	20.1204
52.90	20.1248
52.95	20.1259
53.00	20.1286
53.05	20.129
53.10	20.1346
53.15	20.1376
53.20	20.142
53.25	20.1437
53.30	20.1462
53.35	20.1466
53.40	20.1456
53.45	20.1468
53.50	20.1462
53.55	20.1461
53.60	20.1453
53.65	20.1471
53.70	20.1466
53.75	20.1497
53.80	20.1534
53.85	20.1543
53.90	20.1551
53.95	20.1552
54.00	20.1547
54.05	20.1553
54.10	20.155
54.15	20.1563
54.20	20.1588
54.25	20.1589
54.30	20.162
54.35	20.1643
54.40	20.1674
54.45	20.1679
54.50	20.1709
54.55	20.1744
54.60	20.1762
54.65	20.1809
54.70	20.1842
54.75	20.186
54.80	20.1893
54.85	20.1898
54.90	20.1898
54.95	20.1905
55.00	20.1917
55.05	20.1944
55.10	20.1969
55.15	20.1994
55.20	20.2018
55.25	20.2014
55.30	20.2014
55.35	20.2003
55.40	20.201
55.45	20.2021
55.50	20.2043
55.55	20.2055
55.60	20.2058
55.65	20.205
55.70	20.2051
55.75	20.2051
55.80	20.2061
55.85	20.2089
55.90	20.2103
55.95	20.2139
56.00	20.2181
56.05	20.219
56.10	20.2231
56.15	20.2259
56.20	20.2296
56.25	20.2297
56.30	20.2316
56.35	20.2328
56.40	20.2335
56.45	20.2341
56.50	20.2357
56.55	20.236
56.60	20.2365
56.65	20.238
56.70	20.2383
56.75	20.2361
56.80	20.2362
56.85	20.2387
56.90	20.2419
56.95	20.2446
57.00	20.2467
57.05	20.2472
57.10	20.2471
57.15	20.2504
57.20	20.2542
57.25	20.2573
57.30	20.2614
57.35	20.2617
57.40	20.2646
57.45	20.2668
57.50	20.2676
57.55	20.2685
57.60	20.267
57.65	20.2665
57.70	20.267
57.75	20.2661
57.80	20.2668
57.85	20.2691
57.90	20.2716
57.95	20.2725
58.00	20.2726
58.05	20.2729
58.10	20.2727
58.15	20.2725
58.20	20.2732
58.25	20.2753
58.30	20.2765
58.35	20.2793
58.40	20.284
58.45	20.2899
58.50	20.2933
58.55	20.2953
58.60	20.2976
58.65	20.2984
58.70	20.298
58.75	20.2971
58.80	20.2971
58.85	20.2971
58.90	20.2973
58.95	20.2973
59.00	20.3003
59.05	20.3032
59.10	20.3067
59.15	20.3075
59.20	20.3085
59.25	20.31
59.30	20.3098
59.35	20.3093
59.40	20.3098
59.45	20.3088
59.50	20.31
59.55	20.3091
59.60	20.3103
59.65	20.3095
59.70	20.3111
59.75	20.3117
59.80	20.3141
59.85	20.3194
59.90	20.3239
59.95	20.3292
60.00	20.3304
60.05	20.332
60.10	20.3303
60.15	20.3327
60.20	20.3331
60.25	20.3363
60.30	20.3404
60.35	20.3429
60.40	20.3474
60.45	20.3481
60.50	20.3489
60.55	20.3509
60.60	20.3502
60.65	20.3498
60.70	20.3504
60.75	20.3505
60.80	20.3519
60.85	20.3532
60.90	20.356
60.95	20.359
61.00	20.3623
61.05	20.364
61.10	20.3655
61.15	20.3648
61.20	20.3651
61.25	20.3636
61.30	20.3658
61.35	20.3665
61.40	20.3671
61.45	20.3673
61.50	20.3693
61.55	20.3728
61.60	20.3741
61.65	20.3729
61.70	20.3745
61.75	20.3752
61.80	20.3794
61.85	20.3815
61.90	20.3824
61.95	20.3843
62.00	20.3862
62.05	20.3897
62.10	20.3922
62.15	20.3975
62.20	20.4004
62.25	20.4042
62.30	20.4045
62.35	20.4061
62.40	20.4066
62.45	20.4089
62.50	20.4093
62.55	20.4115
62.60	20.4146
62.65	20.4143
62.70	20.4158
62.75	20.4185
62.80	20.4218
62.85	20.4229
62.90	20.4226
62.95	20.4231
63.00	20.4224
63.05	20.4237
63.10	20.4245
63.15	20.4263
63.20	20.4273
63.25	20.4288
63.30	20.4296
63.35	20.43
63.40	20.433
63.45	20.4361
63.50	20.4384
63.55	20.441
63.60	20.4444
63.65	20.4459
63.70	20.4484
63.75	20.4505
63.80	20.4523
63.85	20.4534
63.90	20.4526
63.95	20.453
64.00	20.4537
64.05	20.4563
64.10	20.459
64.15	20.4594
64.20	20.4602
64.25	20.4609
64.30	20.4636
64.35	20.4647
64.40	20.4656
64.45	20.4661
64.50	20.4671
64.55	20.4704
64.60	20.4756
64.65	20.4806
64.70	20.4844
64.75	20.4846
64.80	20.4838
64.85	20.4843
64.90	20.4836
64.95	20.4836
65.00	20.4835
65.05	20.4864
65.10	20.4891
65.15	20.4904
65.20	20.4944
65.25	20.498
65.30	20.5028
65.35	20.5079
65.40	20.5099
65.45	20.5118
65.50	20.5123
65.55	20.5119
65.60	20.5131
65.65	20.5118
65.70	20.5114
65.75	20.5122
65.80	20.5123
65.85	20.5133
65.90	20.5122
65.95	20.5121
66.00	20.5141
66.05	20.5153
66.10	20.5168
66.15	20.5208
66.20	20.522
66.25	20.5252
66.30	20.5266
66.35	20.5274
66.40	20.5299
66.45	20.5324
66.50	20.5334
66.55	20.5363
66.60	20.5398
66.65	20.5429
66.70	20.5449
66.75	20.5473
66.80	20.5485
66.85	20.5495
66.90	20.5468
66.95	20.5481
67.00	20.5507
67.05	20.5522
67.10	20.5532
67.15	20.5532
67.20	20.5549
67.25	20.5568
67.30	20.5589
67.35	20.5607
67.40	20.5639
67.45	20.5671
67.50	20.5672
67.55	20.5693
67.60	20.5708
67.65	20.5737
67.70	20.5756
67.75	20.5764
67.80	20.5781
67.85	20.5801
67.90	20.5828
67.95	20.5834
68.00	20.5829
68.05	20.584
68.10	20.5847
68.15	20.5867
68.20	20.5875
68.25	20.589
68.30	20.59
68.35	20.5941
68.40	20.5963
68.45	20.5979
68.50	20.599
68.55	20.5999
68.60	20.6011
68.65	20.6017
68.70	20.6026
68.75	20.6028
68.80	20.6043
68.85	20.6052
68.90	20.6065
68.95	20.6072
69.00	20.6083
69.05	20.6096
69.10	20.6118
69.15	20.6135
69.20	20.6144
69.25	20.6164
69.30	20.6173
69.35	20.6177
69.40	20.6192
69.45	20.6221
69.50	20.6242
69.55	20.627
69.60	20.6279
69.65	20.6298
69.70	20.6317
69.75	20.6335
69.80	20.6353
69.85	20.6372
69.90	20.6395
69.95	20.6394
70.00	20.6424
70.05	20.6441
70.10	20.6452
70.15	20.6477
70.20	20.6487
70.25	20.6501
70.30	20.6507
70.35	20.6518
70.40	20.6505
70.45	20.6535
70.50	20.6541
70.55	20.6561
70.60	20.6576
70.65	20.6608
70.70	20.6615
70.75	20.6636
70.80	20.6676
70.85	20.6702
70.90	20.6729
70.95	20.6749
71.00	20.6757
71.05	20.6772
71.10	20.6784
71.15	20.6784
71.20	20.6802
71.25	20.6806
71.30	20.6816
71.35	20.6828
71.40	20.6846
71.45	20.6872
71.50	20.6893
71.55	20.6899
71.60	20.6908
71.65	20.6923
71.70	20.6913
71.75	20.6928
71.80	20.6932
71.85	20.6963
71.90	20.699
71.95	20.6981
72.00	20.6999
72.05	20.6994
72.10	20.6984
72.15	20.6987
72.20	20.6994
72.25	20.6993
72.30	20.7021
72.35	20.7037
72.40	20.7075
72.45	20.708
72.50	20.7074
72.55	20.7079
72.60	20.7084
72.65	20.7119
72.70	20.7129
72.75	20.7139
72.80	20.7166
72.85	20.7195
72.90	20.7216
72.95	20.7242
73.00	20.7229
73.05	20.7248
73.10	20.7255
73.15	20.7267
73.20	20.7289
73.25	20.7295
73.30	20.7317
73.35	20.7351
73.40	20.7367
73.45	20.7384
73.50	20.7395
73.55	20.7407
73.60	20.7402
73.65	20.7406
73.70	20.7434
73.75	20.7473
73.80	20.7485
73.85	20.753
73.90	20.754
73.95	20.7544
74.00	20.755
74.05	20.7567
74.10	20.7576
74.15	20.7611
74.20	20.7616
74.25	20.7645
74.30	20.7657
74.35	20.7663
74.40	20.7677
74.45	20.7692
74.50	20.7697
74.55	20.773
74.60	20.7756
74.65	20.7764
74.70	20.7796
74.75	20.7814
74.80	20.7826
74.85	20.7837
74.90	20.7857
74.95	20.7872
75.00	20.7895
75.05	20.7908
75.10	20.7935
75.15	20.7933
75.20	20.7955
75.25	20.7973
75.30	20.7989
75.35	20.8035
75.40	20.8034
75.45	20.8075
75.50	20.8082
75.55	20.8102
75.60	20.812
75.65	20.8129
75.70	20.8158
75.75	20.8177
75.80	20.8191
75.85	20.8192
75.90	20.8214
75.95	20.8242
76.00	20.8301
76.05	20.8346
76.10	20.8397
76.15	20.8422
76.20	20.8461
76.25	20.8511
76.30	20.8576
76.35	20.8595
76.40	20.8624
76.45	20.8648
76.50	20.8656
76.55	20.8667
76.60	20.8666
76.65	20.8683
76.70	20.8676
76.75	20.869
76.80	20.8692
76.85	20.8724
76.90	20.8735
76.95	20.8764
77.00	20.8765
77.05	20.8784
77.10	20.881
77.15	20.8838
77.20	20.8877
77.25	20.8892
77.30	20.8934
77.35	20.8971
77.40	20.9009
77.45	20.9019
77.50	20.9024
77.55	20.9046
77.60	20.9102
77.65	20.9118
77.70	20.914
77.75	20.916
77.80	20.9161
77.85	20.9162
77.90	20.9189
77.95	20.9216
78.00	20.9245
78.05	20.9263
78.10	20.9256
78.15	20.9248
78.20	20.9266
78.25	20.9285
78.30	20.9287
78.35	20.9323
78.40	20.9346
78.45	20.9369
78.50	20.9402
78.55	20.9413
78.60	20.9422
78.65	20.9406
78.70	20.9399
78.75	20.9419
78.80	20.9401
78.85	20.9396
78.90	20.9436
78.95	20.9458
79.00	20.9477
79.05	20.9508
79.10	20.9542
79.15	20.9537
79.20	20.956
79.25	20.959
79.30	20.961
79.35	20.9613
79.40	20.9618
79.45	20.9619
79.50	20.9612
79.55	20.9618
79.60	20.9611
79.65	20.9614
79.70	20.9618
79.75	20.9637
79.80	20.9653
79.85	20.9674
79.90	20.9682
79.95	20.9676
80.00	20.9698
80.05	20.9738
80.10	20.9754
80.15	20.9765
80.20	20.9804
80.25	20.9853
80.30	20.9863
80.35	20.9881
80.40	20.9885
80.45	20.9904
80.50	20.9932
80.55	20.9943
80.60	20.9946
80.65	20.9961
80.70	20.9982
80.75	20.9997
80.80	21.0007
80.85	21.0033
80.90	21.0038
80.95	21.0039
81.00	21.0046
81.05	21.0061
81.10	21.008
81.15	21.009
81.20	21.0107
81.25	21.0144
81.30	21.0157
81.35	21.0197
81.40	21.0235
81.45	21.0281
81.50	21.0343
81.55	21.037
81.60	21.0385
81.65	21.0382
81.70	21.0392
81.75	21.0425
81.80	21.0425
81.85	21.0442
81.90	21.0453
81.95	21.0459
82.00	21.0487
82.05	21.0499
82.10	21.0505
82.15	21.0493
82.20	21.0506
82.25	21.0557
82.30	21.0622
82.35	21.0675
82.40	21.0706
82.45	21.0732
82.50	21.0729
82.55	21.0717
82.60	21.0685
82.65	21.0677
82.70	21.0705
82.75	21.0717
82.80	21.0728
82.85	21.0763
82.90	21.0805
82.95	21.0833
83.00	21.0848
83.05	21.0873
83.10	21.0921
83.15	21.0942
83.20	21.0967
83.25	21.0993
83.30	21.0989
83.35	21.0967
83.40	21.097
83.45	21.0999
83.50	21.1034
83.55	21.1043
83.60	21.105
83.65	21.1054
83.70	21.1076
83.75	21.1102
83.80	21.1114
83.85	21.1115
83.90	21.1143
83.95	21.1208
84.00	21.1245
84.05	21.1257
84.10	21.126
84.15	21.1235
84.20	21.1229
84.25	21.1218
84.30	21.1228
84.35	21.1279
84.40	21.1329
84.45	21.1358
84.50	21.1368
84.55	21.135
84.60	21.1338
84.65	21.1319
84.70	21.1324
84.75	21.1352
84.80	21.1387
84.85	21.1397
84.90	21.1407
84.95	21.1417
85.00	21.1443
85.05	21.1496
85.10	21.1527
85.15	21.1548
85.20	21.1549
85.25	21.1537
85.30	21.1523
85.35	21.1541
85.40	21.1577
85.45	21.1588
85.50	21.1599
85.55	21.159
85.60	21.1601
85.65	21.1616
85.70	21.1641
85.75	21.1695
85.80	21.1718
85.85	21.172
85.90	21.1744
85.95	21.1808
86.00	21.19
86.05	21.1965
86.10	21.2016
86.15	21.2053
86.20	21.206
86.25	21.2052
86.30	21.2027
86.35	21.1975
86.40	21.1958
86.45	21.1952
86.50	21.1949
86.55	21.1949
86.60	21.1985
86.65	21.205
86.70	21.2101
86.75	21.2129
86.80	21.2145
86.85	21.2139
86.90	21.2113
86.95	21.2137
87.00	21.2153
87.05	21.2163
87.10	21.2162
87.15	21.2174
87.20	21.2195
87.25	21.2232
87.30	21.2245
87.35	21.225
87.40	21.2276
87.45	21.2298
87.50	21.2344
87.55	21.2388
87.60	21.2419
87.65	21.2428
87.70	21.2442
87.75	21.2467
87.80	21.2513
87.85	21.2561
87.90	21.2573
87.95	21.2596
88.00	21.2607
88.05	21.261
88.10	21.2604
88.15	21.2599
88.20	21.2614
88.25	21.2628
88.30	21.2636
88.35	21.2647
88.40	21.2664
88.45	21.2689
88.50	21.2713
88.55	21.2781
88.60	21.2837
88.65	21.2875
88.70	21.2884
88.75	21.291
88.80	21.2933
88.85	21.2943
88.90	21.2937
88.95	21.2939
89.00	21.2929
89.05	21.2957
89.10	21.2993
89.15	21.3053
89.20	21.3076
89.25	21.3081
89.30	21.3094
89.35	21.3122
89.40	21.3146
89.45	21.3164
89.50	21.3158
89.55	21.3196
89.60	21.3236
89.65	21.3246
89.70	21.3242
89.75	21.3253
89.80	21.327
89.85	21.3321
89.90	21.3377
89.95	21.3392
90.00	21.3409
90.05	21.3417
90.10	21.3419
90.15	21.344
90.20	21.347
90.25	21.3497
90.30	21.3512
90.35	21.3531
90.40	21.3539
90.45	21.3588
90.50	21.3622
90.55	21.3656
90.60	21.3675
90.65	21.3684
90.70	21.3693
90.75	21.3695
90.80	21.3706
90.85	21.3729
90.90	21.3737
90.95	21.3737
91.00	21.3773
91.05	21.3813
91.10	21.3868
91.15	21.3899
91.20	21.3918
91.25	21.3909
91.30	21.39
91.35	21.3886
91.40	21.3889
91.45	21.3912
91.50	21.3947
91.55	21.3951
91.60	21.3977
91.65	21.3994
91.70	21.401
91.75	21.4048
91.80	21.4048
91.85	21.4054
91.90	21.4062
91.95	21.4079
92.00	21.4093
92.05	21.4111
92.10	21.413
92.15	21.4141
92.20	21.4176
92.25	21.4212
92.30	21.422
92.35	21.4247
92.40	21.4282
92.45	21.4313
92.50	21.4344
92.55	21.4352
92.60	21.4371
92.65	21.4388
92.70	21.4423
92.75	21.4431
92.80	21.4464
92.85	21.4501
92.90	21.4543
92.95	21.4571
93.00	21.4584
93.05	21.4592
93.10	21.4581
93.15	21.4597
93.20	21.4611
93.25	21.4644
93.30	21.4669
93.35	21.4696
93.40	21.4685
93.45	21.4702
93.50	21.4704
93.55	21.4733
93.60	21.4759
93.65	21.4795
93.70	21.4819
93.75	21.4828
93.80	21.4839
93.85	21.4846
93.90	21.4875
93.95	21.4864
94.00	21.488
94.05	21.4897
94.10	21.4922
94.15	21.496
94.20	21.5023
94.25	21.5062
94.30	21.5065
94.35	21.5077
94.40	21.5079
94.45	21.5097
94.50	21.5109
94.55	21.5093
94.60	21.5117
94.65	21.5134
94.70	21.5164
94.75	21.5204
94.80	21.5231
94.85	21.5284
94.90	21.5313
94.95	21.5321
95.00	21.5317
95.05	21.5327
95.10	21.5335
95.15	21.5354
95.20	21.5365
95.25	21.5387
95.30	21.5387
95.35	21.5428
95.40	21.5478
95.45	21.5509
95.50	21.5533
95.55	21.5545
95.60	21.5589
95.65	21.565
95.70	21.5674
95.75	21.5683
95.80	21.5686
95.85	21.5705
95.90	21.57
95.95	21.5692
96.00	21.572
96.05	21.5741
96.10	21.5752
96.15	21.5776
96.20	21.5782
96.25	21.5807
96.30	21.583
96.35	21.5852
96.40	21.5872
96.45	21.5889
96.50	21.5906
96.55	21.5927
96.60	21.594
96.65	21.5963
96.70	21.5964
96.75	21.5986
96.80	21.6014
96.85	21.6023
96.90	21.6063
96.95	21.6104
97.00	21.6136
97.05	21.6161
97.10	21.6166
97.15	21.6176
97.20	21.6187
97.25	21.6192
97.30	21.6191
97.35	21.6246
97.40	21.6309
97.45	21.6335
97.50	21.6364
97.55	21.6374
97.60	21.6413
97.65	21.6458
97.70	21.6491
97.75	21.6511
97.80	21.6534
97.85	21.6556
97.90	21.6557
97.95	21.6589
98.00	21.6615
98.05	21.663
98.10	21.6621
98.15	21.6636
98.20	21.6628
98.25	21.6636
98.30	21.6659
98.35	21.6707
98.40	21.6765
98.45	21.6813
98.50	21.6856
98.55	21.6893
98.60	21.6897
98.65	21.6903
98.70	21.6923
98.75	21.6902
98.80	21.6902
98.85	21.6916
98.90	21.6943
98.95	21.6959
99.00	21.6986
99.05	21.6998
99.10	21.7012
99.15	21.7051
99.20	21.7075
99.25	21.7095
99.30	21.7118
99.35	21.7128
99.40	21.7155
99.45	21.718
99.50	21.7222
99.55	21.7303
99.60	21.7348
99.65	21.7374
99.70	21.7376
99.75	21.7372
99.80	21.7386
99.85	21.7396
99.90	21.7408
99.95	21.7432
100.00	21.7439
100.05	21.7423
100.10	21.7424
100.15	21.7475
100.20	21.7531
100.25	21.7582
100.30	21.7595
100.35	21.7617
100.40	21.7635
100.45	21.7656
100.50	21.7679
100.55	21.7684
100.60	21.7699
100.65	21.7724
100.70	21.774
100.75	21.7767
100.80	21.7785
100.85	21.779
100.90	21.7803
100.95	21.781
101.00	21.783
101.05	21.7865
101.10	21.7902
101.15	21.7929
101.20	21.7935
101.25	21.7933
101.30	21.7938
101.35	21.7944
101.40	21.7985
101.45	21.8019
101.50	21.8042
101.55	21.8057
101.60	21.8084
101.65	21.8102
101.70	21.8125
101.75	21.8137
101.80	21.8161
101.85	21.8197
101.90	21.8255
101.95	21.8299
102.00	21.8365
102.05	21.8422
102.10	21.8453
102.15	21.8452
102.20	21.8439
102.25	21.8467
102.30	21.8476
102.35	21.8509
102.40	21.8524
102.45	21.8525
102.50	21.8599
102.55	21.8623
102.60	21.8656
102.65	21.8675
102.70	21.8675
102.75	21.8679
102.80	21.8674
102.85	21.8708
102.90	21.8757
102.95	21.8797
103.00	21.8826
103.05	21.8857
103.10	21.8855
103.15	21.8884
103.20	21.8893
103.25	21.8908
103.30	21.8931
103.35	21.8954
103.40	21.8956
103.45	21.8962
103.50	21.8999
103.55	21.9034
103.60	21.9067
103.65	21.9084
103.70	21.9093
103.75	21.9127
103.80	21.9166
103.85	21.9216
103.90	21.9256
103.95	21.9292
104.00	21.93
104.05	21.9309
104.10	21.9313
104.15	21.9332
104.20	21.934
104.25	21.9347
104.30	21.9358
104.35	21.9369
104.40	21.9382
104.45	21.9434
104.50	21.9471
104.55	21.9505
104.60	21.9509
104.65	21.9536
104.70	21.9536
104.75	21.954
104.80	21.9567
104.85	21.9581
104.90	21.961
104.95	21.9668
105.00	21.9741
105.05	21.9779
105.10	21.9801
105.15	21.9808
105.20	21.9814
105.25	21.9828
105.30	21.9861
105.35	21.9903
105.40	21.9928
105.45	21.9937
105.50	21.9954
105.55	21.9971
105.60	21.9965
105.65	21.9959
105.70	21.9966
105.75	21.9966
105.80	22.0001
105.85	22.0046
105.90	22.0072
105.95	22.0082
106.00	22.0103
106.05	22.0099
106.10	22.0109
106.15	22.0129
106.20	22.0153
106.25	22.0182
106.30	22.0208
106.35	22.0232
106.40	22.0256
106.45	22.0286
106.50	22.0329
106.55	22.0351
106.60	22.0381
106.65	22.0392
106.70	22.041
106.75	22.041
106.80	22.0427
106.85	22.0465
106.90	22.0511
106.95	22.0555
107.00	22.057
107.05	22.0574
107.10	22.0588
107.15	22.0629
107.20	22.0661
107.25	22.0695
107.30	22.0739
107.35	22.0769
107.40	22.0764
107.45	22.0772
107.50	22.08
107.55	22.0829
107.60	22.0849
107.65	22.0877
107.70	22.0902
107.75	22.092
107.80	22.0962
107.85	22.1001
107.90	22.1027
107.95	22.1054
108.00	22.1095
108.05	22.1101
108.10	22.1115
108.15	22.1118
108.20	22.1112
108.25	22.1144
108.30	22.1175
108.35	22.1208
108.40	22.125
108.45	22.1269
108.50	22.1299
108.55	22.1327
108.60	22.1361
108.65	22.1393
108.70	22.1412
108.75	22.1416
108.80	22.1438
108.85	22.1448
108.90	22.1468
108.95	22.1476
109.00	22.1525
109.05	22.1592
109.10	22.1614
109.15	22.1623
109.20	22.1626
109.25	22.1665
109.30	22.1725
109.35	22.1756
109.40	22.1778
109.45	22.18
109.50	22.1793
109.55	22.1795
109.60	22.182
109.65	22.1851
109.70	22.1866
109.75	22.1865
109.80	22.1865
109.85	22.1881
109.90	22.1899
109.95	22.1936
110.00	22.198
110.05	22.2013
110.10	22.2036
110.15	22.2074
110.20	22.2093
110.25	22.2112
110.30	22.2115
110.35	22.2116
110.40	22.2128
110.45	22.2147
110.50	22.2148
110.55	22.2164
110.60	22.2195
110.65	22.2225
110.70	22.2245
110.75	22.2269
110.80	22.228
110.85	22.2318
110.90	22.2334
110.95	22.235
111.00	22.2362
111.05	22.24
111.10	22.2406
111.15	22.2425
111.20	22.2482
111.25	22.2561
111.30	22.259
111.35	22.2612
111.40	22.2619
111.45	22.2623
111.50	22.2626
111.55	22.2618
111.60	22.2621
111.65	22.2631
111.70	22.2649
111.75	22.269
111.80	22.2727
111.85	22.2764
111.90	22.2794
111.95	22.2808
112.00	22.28
112.05	22.2792
112.10	22.2819
112.15	22.2852
112.20	22.2898
112.25	22.2944
112.30	22.3002
112.35	22.3023
112.40	22.3046
112.45	22.3057
112.50	22.3058
112.55	22.3072
112.60	22.3105
112.65	22.3157
112.70	22.3215
112.75	22.3242
112.80	22.3257
112.85	22.3272
112.90	22.3286
112.95	22.3292
113.00	22.3312
113.05	22.3344
113.10	22.3374
113.15	22.3414
113.20	22.3437
113.25	22.3455
113.30	22.3458
113.35	22.3469
113.40	22.3486
113.45	22.3533
113.50	22.3578
113.55	22.3608
113.60	22.3643
113.65	22.3668
113.70	22.3685
113.75	22.3694
113.80	22.3716
113.85	22.3777
113.90	22.3873
113.95	22.3899
114.00	22.3926
114.05	22.3939
114.10	22.3964
114.15	22.397
114.20	22.4
114.25	22.4034
114.30	22.4034
114.35	22.4063
114.40	22.4105
114.45	22.4172
114.50	22.4227
114.55	22.4274
114.60	22.4312
114.65	22.4337
114.70	22.433
114.75	22.4349
114.80	22.437
114.85	22.4404
114.90	22.4474
114.95	22.4557
115.00	22.4627
115.05	22.4682
115.10	22.4714
115.15	22.4766
115.20	22.4786
115.25	22.4804
115.30	22.4796
115.35	22.4812
115.40	22.4818
115.45	22.4824
115.50	22.4836
115.55	22.4849
115.60	22.4846
115.65	22.4836
115.70	22.4838
115.75	22.4841
115.80	22.4856
115.85	22.4874
115.90	22.4895
115.95	22.4904
116.00	22.491
116.05	22.4915
116.10	22.493
116.15	22.4925
116.20	22.4937
116.25	22.494
116.30	22.4946
116.35	22.4943
116.40	22.4958
116.45	22.4957
116.50	22.4952
116.55	22.4959
116.60	22.4958
116.65	22.496
116.70	22.4959
116.75	22.4965
116.80	22.4966
116.85	22.4969
116.90	22.4965
116.95	22.4972
117.00	22.499
117.05	22.4982
117.10	22.4994
117.15	22.4988
117.20	22.4996
117.25	22.4994
117.30	22.4989
117.35	22.4993
117.40	22.4998
117.45	22.4989
117.50	22.4999
117.55	22.4995
117.60	22.4993
117.65	22.4997
117.70	22.5019
117.75	22.5035
117.80	22.5061
117.85	22.5058
117.90	22.5079
117.95	22.5095
118.00	22.5095
118.05	22.5093
118.10	22.5105
118.15	22.5099
118.20	22.5111
118.25	22.5121
118.30	22.5121
118.35	22.5127
118.40	22.5117
118.45	22.5129
118.50	22.5126
118.55	22.5124
118.60	22.5129
118.65	22.5125
118.70	22.5119
118.75	22.5121
118.80	22.5125
118.85	22.5122
118.90	22.5117
118.95	22.5116
119.00	22.5111
119.05	22.5117
119.10	22.5112
119.15	22.5101
119.20	22.5108
119.25	22.5105
119.30	22.5116
119.35	22.5114
119.40	22.5121
119.45	22.5158
119.50	22.5181
119.55	22.5214
119.60	22.5211
119.65	22.5232
119.70	22.5254
119.75	22.5258
119.80	22.5274
119.85	22.533
119.90	22.5366
119.95	22.5417
120.00	22.5453
120.05	22.5496
120.10	22.554
120.15	22.5605
120.20	22.5643
120.25	22.5666
120.30	22.568
120.35	22.5696
120.40	22.571
120.45	22.5708
120.50	22.5716
120.55	22.5742
120.60	22.5765
120.65	22.5739
120.70	22.5752
120.75	22.5797
120.80	22.5844
120.85	22.5904
120.90	22.595
120.95	22.5975
121.00	22.6024
121.05	22.6059
121.10	22.6106
121.15	22.6127
121.20	22.6151
121.25	22.6163
121.30	22.6181
121.35	22.6198
121.40	22.6218
121.45	22.6227
121.50	22.624
121.55	22.6276
121.60	22.6309
121.65	22.6328
121.70	22.6329
121.75	22.6346
121.80	22.6356
121.85	22.6366
121.90	22.64
121.95	22.6458
122.00	22.6463
122.05	22.6476
122.10	22.6504
122.15	22.6527
122.20	22.6541
122.25	22.656
122.30	22.6583
122.35	22.6606
122.40	22.6616
122.45	22.6649
122.50	22.6673
122.55	22.6711
122.60	22.6734
122.65	22.6765
122.70	22.6791
122.75	22.6792
122.80	22.6806
122.85	22.6813
122.90	22.6822
122.95	22.6827
123.00	22.6824
123.05	22.6829
123.10	22.6857
123.15	22.6896
123.20	22.6954
123.25	22.6992
123.30	22.7056
123.35	22.7071
123.40	22.707
123.45	22.7062
123.50	22.7065
123.55	22.7088
123.60	22.7112
123.65	22.7132
123.70	22.7133
123.75	22.7148
123.80	22.7177
123.85	22.7215
123.90	22.7227
123.95	22.7235
124.00	22.7249
124.05	22.7247
124.10	22.7274
124.15	22.7269
124.20	22.728
124.25	22.7312
124.30	22.733
124.35	22.7363
124.40	22.7395
124.45	22.7417
124.50	22.744
124.55	22.7452
124.60	22.7507
124.65	22.7547
124.70	22.7557
124.75	22.7596
124.80	22.761
124.85	22.7612
124.90	22.7608
124.95	22.7616
125.00	22.7634
125.05	22.7648
125.10	22.7687
125.15	22.7721
125.20	22.7746
125.25	22.7756
125.30	22.7771
125.35	22.7796
125.40	22.7807
125.45	22.7829
125.50	22.7845
125.55	22.7883
125.60	22.7916
125.65	22.7973
125.70	22.7991
125.75	22.8003
125.80	22.8041
125.85	22.8044
125.90	22.8056
125.95	22.8063
126.00	22.8086
126.05	22.8093
126.10	22.8117
126.15	22.8141
126.20	22.8147
126.25	22.8166
126.30	22.8203
126.35	22.823
126.40	22.8263
126.45	22.8283
126.50	22.8324
126.55	22.8364
126.60	22.8395
126.65	22.8424
126.70	22.8469
126.75	22.8459
126.80	22.8479
126.85	22.8484
126.90	22.8486
126.95	22.8489
127.00	22.8523
127.05	22.8572
127.10	22.8593
127.15	22.8624
127.20	22.862
127.25	22.8612
127.30	22.8633
127.35	22.8637
127.40	22.8662
127.45	22.867
127.50	22.8689
127.55	22.8696
127.60	22.8693
127.65	22.8707
127.70	22.8723
127.75	22.872
127.80	22.8745
127.85	22.877
127.90	22.88
127.95	22.884
128.00	22.8872
128.05	22.8912
128.10	22.8931
128.15	22.8947
128.20	22.8963
128.25	22.8988
128.30	22.9029
128.35	22.9047
128.40	22.905
128.45	22.908
128.50	22.9103
128.55	22.913
128.60	22.9151
128.65	22.9161
128.70	22.9172
128.75	22.9175
128.80	22.919
128.85	22.9211
128.90	22.9225
128.95	22.9242
129.00	22.926
129.05	22.9273
129.10	22.9299
129.15	22.9333
129.20	22.9381
129.25	22.944
129.30	22.9467
129.35	22.9498
129.40	22.9522
129.45	22.9533
129.50	22.9546
129.55	22.9548
129.60	22.9594
129.65	22.9608
129.70	22.9624
129.75	22.9638
129.80	22.9661
129.85	22.968
129.90	22.97
129.95	22.9729
130.00	22.9734
130.05	22.9745
130.10	22.9757
130.15	22.9759
130.20	22.9812
130.25	22.9847
130.30	22.9863
130.35	22.9906
130.40	22.9933
130.45	22.9943
130.50	22.9959
130.55	22.998
130.60	23.001
130.65	23.0041
130.70	23.0088
130.75	23.0129
130.80	23.0163
130.85	23.0192
130.90	23.0222
130.95	23.0245
131.00	23.0242
131.05	23.0255
131.10	23.0264
131.15	23.0271
131.20	23.0283
131.25	23.0307
131.30	23.0349
131.35	23.0371
131.40	23.0408
131.45	23.0421
131.50	23.0425
131.55	23.0427
131.60	23.0443
131.65	23.0437
131.70	23.0469
131.75	23.0492
131.80	23.0514
131.85	23.0558
131.90	23.0592
131.95	23.0609
132.00	23.0625
132.05	23.0626
132.10	23.0641
132.15	23.0636
132.20	23.0627
132.25	23.0634
132.30	23.0647
132.35	23.0651
132.40	23.0664
132.45	23.0684
132.50	23.0712
132.55	23.0732
132.60	23.0744
132.65	23.075
132.70	23.0768
132.75	23.0789
132.80	23.0801
132.85	23.0813
132.90	23.0867
132.95	23.0909
133.00	23.0949
133.05	23.0977
133.10	23.1002
133.15	23.0993
133.20	23.1009
133.25	23.1037
133.30	23.1064
133.35	23.1084
133.40	23.1101
133.45	23.1106
133.50	23.1121
133.55	23.1134
133.60	23.1142
133.65	23.1167
133.70	23.1193
133.75	23.1216
133.80	23.1199
133.85	23.1207
133.90	23.1232
133.95	23.1243
134.00	23.1269
134.05	23.1296
134.10	23.1315
134.15	23.1366
134.20	23.1387
134.25	23.1402
134.30	23.1429
134.35	23.1445
134.40	23.1448
134.45	23.1452
134.50	23.1461
134.55	23.1475
134.60	23.1505
134.65	23.1508
134.70	23.1526
134.75	23.155
134.80	23.1563
134.85	23.1581
134.90	23.1596
134.95	23.1602
135.00	23.1619
135.05	23.1712
135.10	23.1738
135.15	23.1732
135.20	23.1728
135.25	23.1729
135.30	23.1715
135.35	23.1712
