Depth	NGAM 
m	API
5.02	34.6667
5.07	33.7838
5.12	34.6667
5.17	26.6667
5.22	40
5.27	44
5.32	20.2703
5.37	39.1892
5.42	27.027
5.47	22.973
5.52	32
5.57	34.2105
5.62	18.6667
5.67	-999
5.72	25.3333
5.77	37.3333
5.82	28
5.87	44
5.92	25.3333
5.97	35.1351
6.02	21.3333
6.07	29.3333
6.12	26.6667
6.17	29.3333
6.22	39.1892
6.27	39.726
6.32	37.3333
6.37	22.6667
6.42	40
6.47	31.5789
6.52	32
6.57	40
6.62	29.3333
6.67	30.6667
6.72	28
6.77	36
6.82	26.3158
6.87	39.7436
6.92	31.1688
6.97	29.8701
7.02	30.3797
7.07	36.1446
7.12	32.6316
7.17	36.4486
7.22	76.1364
7.27	56.8966
7.32	30.5085
7.37	27.5862
7.42	20.6897
7.47	24.1379
7.52	25.8621
7.57	31.0345
7.62	20.6897
7.67	34.4828
7.72	15.5172
7.77	34.4828
7.82	24.1379
7.87	24.1379
7.92	19.2982
7.97	22.807
8.02	20.6897
8.07	25.8621
8.12	32.7586
8.17	22.4138
8.22	22.4138
8.27	37.931
8.32	36.2069
8.37	36.2069
8.42	24.1379
8.47	29.3103
8.52	17.2414
8.57	27.5862
8.62	43.1035
8.67	18.6441
8.72	40.3509
8.77	29.3103
8.82	43.8596
8.87	26.3158
8.92	34.4828
8.97	22.4138
9.02	40.678
9.07	18.9655
9.12	22.4138
9.17	24.1379
9.22	20.6897
9.27	27.5862
9.32	20.6897
9.37	36.2069
9.42	29.3103
9.47	44.8276
9.52	36.2069
9.57	37.931
9.62	32.7586
9.67	24.5614
9.72	24.5614
9.77	27.5862
9.82	20.6897
9.87	31.0345
9.92	37.2881
9.97	22.4138
10.02	32.7586
10.07	18.9655
10.12	25.8621
10.17	37.931
10.22	24.1379
10.27	31.0345
10.32	32.7586
10.37	27.5862
10.42	27.1186
10.47	31.5789
10.52	19.2982
10.57	43.1035
10.62	36.2069
10.67	34.4828
10.72	36.2069
10.77	48.2759
10.82	36.2069
10.87	24.1379
10.92	36.2069
10.97	31.0345
11.02	24.1379
11.07	36.2069
11.12	32.7586
11.17	32.7586
11.22	22.0339
11.27	32.7586
11.32	32.7586
11.37	36.8421
11.42	42.1053
11.47	32.7586
11.52	37.2881
11.57	29.3103
11.62	15.5172
11.67	35.5932
11.72	39.6552
11.77	36.2069
11.82	39.6552
11.87	37.931
11.92	37.931
11.97	32.7586
12.02	29.3103
12.07	34.4828
12.12	34.4828
12.17	42.3729
12.22	29.8246
12.27	31.5789
12.32	37.931
12.37	25.8621
12.42	35.5932
12.47	32.7586
12.52	31.0345
12.57	42.3729
12.62	55.1724
12.67	31.0345
12.72	55.1724
12.77	44.8276
12.82	56.8966
12.87	29.3103
12.92	50
12.97	32.2034
13.02	60.3448
13.07	32.7586
13.12	40.3509
13.17	33.3333
13.22	45.7627
13.27	34.4828
13.32	39.6552
13.37	32.7586
13.42	55.9322
13.47	43.1035
13.52	48.2759
13.57	51.7241
13.62	53.4483
13.67	41.3793
13.72	34.4828
13.77	40.678
13.82	36.2069
13.87	39.6552
13.92	63.7931
13.97	65.5172
14.02	65.5172
14.07	84.4828
14.12	50
14.17	72.4138
14.22	-999
14.27	77.9661
14.32	77.5862
14.37	91.3793
14.42	82.7586
14.47	72.8814
14.52	93.2203
14.57	79.661
14.62	63.3333
14.67	60
14.72	79.3103
14.77	89.8305
14.82	70.6897
14.87	67.7966
14.92	90
14.97	84.7458
15.02	84.7458
15.07	63.3333
15.12	59.322
15.17	93.3333
15.22	79.661
15.27	84.7458
15.32	66.1017
15.37	73.3333
15.42	81.3559
15.47	95
15.52	77.9661
15.57	85
15.62	66.1017
15.67	96.6667
15.72	63.3333
15.77	44.2623
15.82	50
15.87	50.8197
15.92	50
15.97	70.4918
16.02	85
16.07	77.0492
16.12	78.3333
16.17	60
16.22	85.2459
16.27	63.9344
16.32	83.6066
16.37	81.6667
16.42	62.7119
16.47	75.8621
16.52	69.4915
16.57	86.6667
16.62	89.8305
16.67	91.6667
16.72	76.2712
16.77	98.3051
16.82	100
16.87	81.3559
16.92	71.1864
16.97	83.0508
17.02	88.1356
17.07	80
17.12	79.661
17.17	95
17.22	69.4915
17.27	113.559
17.32	81.0345
17.37	67.7966
17.42	76.6667
17.47	72.8814
17.52	88.3333
17.57	91.5254
17.62	93.3333
17.67	71.1864
17.72	73.3333
17.77	86.4407
17.82	98.3051
17.87	74.5763
17.92	96.6102
17.97	76.6667
18.02	101.667
18.07	74.5763
18.12	91.5254
18.17	87.931
18.22	81.3559
18.27	76.6667
18.32	74.5763
18.37	95
18.42	105.085
18.47	71.1864
18.52	93.2203
18.57	96.6667
18.62	88.1356
18.67	89.8305
18.72	96.6667
18.77	72.8814
18.82	86.6667
18.87	71.1864
18.92	71.1864
18.97	65.5172
19.02	66.1017
19.07	110.169
19.12	90
19.17	94.9153
19.22	83.3333
19.27	94.9153
19.32	84.7458
19.37	66.6667
19.42	72.8814
19.47	77.9661
19.52	67.7966
19.57	105
19.62	83.0508
19.67	66.1017
19.72	76.2712
19.77	81.3559
19.82	91.3793
19.87	61.017
19.92	94.9153
19.97	100
20.02	77.9661
20.07	80
20.12	96.6102
20.17	106.78
20.22	93.3333
20.27	118.644
20.32	98.3051
20.37	83.0508
20.42	89.8305
20.47	91.6667
20.52	94.9153
20.57	71.1864
20.62	100
20.67	79.661
20.72	94.9153
20.77	93.2203
20.82	94.9153
20.87	86.6667
20.92	66.1017
20.97	84.7458
21.02	84.7458
21.07	78.3333
21.12	83.0508
21.17	72.8814
21.22	84.7458
21.27	74.5763
21.32	81.3559
21.37	95
21.42	100
21.47	72.4138
21.52	74.1379
21.57	71.1864
21.62	78.3333
21.67	76.2712
21.72	88.3333
21.77	67.7966
21.82	44.0678
21.87	52.5424
21.92	60
21.97	71.1864
22.02	71.1864
22.07	77.9661
22.12	64.4068
22.17	91.5254
22.22	98.3051
22.27	71.1864
22.32	87.931
22.37	62.7119
22.42	72.8814
22.47	89.8305
22.52	84.7458
22.57	58.3333
22.62	79.661
22.67	94.9153
22.72	111.667
22.77	96.6102
22.82	86.4407
22.87	93.2203
22.92	84.7458
22.97	79.661
23.02	76.6667
23.07	66.1017
23.12	65.5172
23.17	93.1035
23.22	71.1864
23.27	81.3559
23.32	81.6667
23.37	98.3051
23.42	83.3333
23.47	93.2203
23.52	76.2712
23.57	96.6102
23.62	71.6667
23.67	83.0508
23.72	76.2712
23.77	83.0508
23.82	72.8814
23.87	88.1356
23.92	94.9153
23.97	91.3793
24.02	71.1864
24.07	89.8305
24.12	81.3559
24.17	69.4915
24.22	91.6667
24.27	83.0508
24.32	101.667
24.37	86.4407
24.42	91.5254
24.47	72.8814
24.52	84.7458
24.57	96.6102
24.62	73.3333
24.67	79.661
24.72	103.39
24.77	72.4138
24.82	89.8305
24.87	70.6897
24.92	72.8814
24.97	83.3333
25.02	71.1864
25.07	64.4068
25.12	75
25.17	93.2203
25.22	96.6102
25.27	66.6667
25.32	89.8305
25.37	67.7966
25.42	69.4915
25.47	74.5763
25.52	-999
25.57	96.6667
25.62	72.4138
25.67	79.3103
25.72	96.6102
25.77	74.5763
25.82	80
25.87	88.1356
25.92	91.5254
25.97	75
26.02	89.8305
26.07	94.9153
26.12	72.8814
26.17	84.7458
26.22	94.9153
26.27	83.3333
26.32	98.3051
26.37	98.3051
26.42	84.7458
26.47	124.138
26.52	94.9153
26.57	66.1017
26.62	69.4915
26.67	65
26.72	94.9153
26.77	70
26.82	88.1356
26.87	76.2712
26.92	72.8814
26.97	76.6667
27.02	79.661
27.07	91.5254
27.12	81.3559
27.17	100
27.22	103.333
27.27	81.0345
27.32	94.9153
27.37	89.6552
27.42	77.9661
27.47	83.0508
27.52	86.6667
27.57	106.78
27.62	78.3333
27.67	69.4915
27.72	54.2373
27.77	53.3333
27.82	52.5424
27.87	59.322
27.92	77.9661
27.97	84.7458
28.02	81.6667
28.07	91.5254
28.12	77.9661
28.17	72.4138
28.22	96.5517
28.27	80
28.32	88.1356
28.37	90
28.42	86.4407
28.47	88.1356
28.52	71.6667
28.57	89.8305
28.62	84.7458
28.67	90
28.72	77.9661
28.77	77.9661
28.82	91.5254
28.87	79.661
28.92	89.8305
28.97	98.3051
29.02	68.9655
29.07	61.017
29.12	89.8305
29.17	85
29.22	81.3559
29.27	100
29.32	106.78
29.37	63.3333
29.42	71.1864
29.47	93.2203
29.52	56.6667
29.57	101.695
29.62	77.9661
29.67	84.7458
29.72	84.7458
29.77	84.7458
29.82	74.5763
29.87	103.448
29.92	100
29.97	94.9153
30.02	95
30.07	71.1864
30.12	91.6667
30.17	81.3559
30.22	91.5254
30.27	113.333
30.32	101.695
30.37	70
30.42	91.5254
30.47	96.6102
30.52	125.424
30.57	96.6102
30.62	96.6102
30.67	98.2759
30.72	77.9661
30.77	84.7458
30.82	96.6667
30.87	91.5254
30.92	95
30.97	83.0508
31.02	61.017
31.07	73.3333
31.12	94.9153
31.17	86.4407
31.22	88.1356
31.27	71.1864
31.32	96.6102
31.37	81.6667
31.42	100
31.47	71.1864
31.52	86.2069
31.57	84.4828
31.62	78.3333
31.67	100
31.72	74.5763
31.77	91.5254
31.82	80
31.87	96.6102
31.92	85
31.97	91.5254
32.02	84.7458
32.07	77.9661
32.12	78.3333
32.17	103.39
32.22	98.3051
32.27	55.9322
32.32	93.1035
32.37	117.241
32.42	91.5254
32.47	98.3051
32.52	100
32.57	63.3333
32.62	91.5254
32.67	93.2203
32.72	101.667
32.77	84.7458
32.82	91.5254
32.87	68.3333
32.92	89.8305
32.97	96.6102
33.02	83.0508
33.07	78.3333
33.12	93.1035
33.17	89.6552
33.22	77.9661
33.27	72.8814
33.32	90
33.37	84.7458
33.42	63.3333
33.47	88.1356
33.52	86.6667
33.57	72.8814
33.62	84.7458
33.67	70
33.72	66.1017
33.77	28.8136
33.82	57.6271
33.87	47.4576
33.92	63.3333
33.97	105.172
34.02	82.7586
34.07	72.8814
34.12	94.9153
34.17	76.6667
34.22	68.3333
34.27	88.1356
34.32	100
34.37	83.0508
34.42	86.6667
34.47	103.39
34.52	84.7458
34.57	63.3333
34.62	72.8814
34.67	94.9153
34.72	76.2712
34.77	101.695
34.82	83.0508
34.87	105.172
34.92	76.2712
34.97	77.9661
35.02	76.6667
35.07	67.7966
35.12	95
35.17	83.0508
35.22	80
35.27	93.2203
35.32	71.6667
35.37	113.333
35.42	101.695
35.47	91.5254
35.52	101.695
35.57	83.0508
35.62	88.1356
35.67	69.4915
35.72	75.8621
35.77	88.1356
35.82	58.3333
35.87	91.5254
35.92	100
35.97	81.6667
36.02	93.2203
36.07	88.1356
36.12	105
36.17	89.8305
36.22	101.695
36.27	83.0508
36.32	73.3333
36.37	89.8305
36.42	88.1356
36.47	62.7119
36.52	100
36.57	83.0508
36.62	98.3051
36.67	83.3333
36.72	76.6667
36.77	103.39
36.82	77.9661
36.87	85
36.92	73.3333
36.97	93.2203
37.02	101.667
37.07	62.7119
37.12	100
37.17	71.1864
37.22	81.6667
37.27	59.322
37.32	100
37.37	75.8621
37.42	111.864
37.47	77.9661
37.52	71.6667
37.57	78.3333
37.62	77.9661
37.67	93.3333
37.72	88.1356
37.77	96.6102
37.82	90
37.87	77.9661
37.92	67.7966
37.97	71.1864
38.02	76.6667
38.07	89.8305
38.12	98.3051
38.17	84.4828
38.22	98.3051
38.27	91.5254
38.32	80
38.37	72.8814
38.42	73.3333
38.47	72.8814
38.52	96.6667
38.57	64.4068
38.62	113.333
38.67	72.8814
38.72	89.8305
38.77	100
38.82	85
38.87	61.017
38.92	86.4407
38.97	69.4915
39.02	84.4828
39.07	86.4407
39.12	71.1864
39.17	69.4915
39.22	81.6667
39.27	73.3333
39.32	77.9661
39.37	76.6667
39.42	103.39
39.47	76.6667
39.52	108.475
39.57	78.3333
39.62	61.017
39.67	94.9153
39.72	59.322
39.77	56.6667
39.82	50
39.87	55.1724
39.92	67.7966
39.97	72.8814
40.02	90
40.07	73.3333
40.12	74.5763
40.17	95
40.22	81.3559
40.27	75
40.32	98.3051
40.37	96.6667
40.42	89.8305
40.47	98.3051
40.52	66.1017
40.57	94.9153
40.62	83.0508
40.67	91.5254
40.72	86.4407
40.77	94.9153
40.82	77.9661
40.87	83.0508
40.92	70
40.97	63.3333
41.02	93.3333
41.07	86.4407
41.12	81.3559
41.17	83.3333
41.22	84.7458
41.27	91.5254
41.32	81.3559
41.37	64.4068
41.42	73.3333
41.47	88.1356
41.52	74.1379
41.57	98.3051
41.62	103.39
41.67	93.2203
41.72	83.3333
41.77	106.78
41.82	76.6667
41.87	96.6667
41.92	91.5254
41.97	101.695
42.02	88.3333
42.07	88.1356
42.12	84.7458
42.17	103.39
42.22	86.6667
42.27	77.9661
42.32	83.0508
42.37	87.931
42.42	84.7458
42.47	100
42.52	83.0508
42.57	111.667
42.62	106.78
42.67	78.3333
42.72	81.3559
42.77	81.6667
42.82	59.322
42.87	101.667
42.92	94.9153
42.97	81.3559
43.02	96.6102
43.07	76.2712
43.12	73.3333
43.17	101.724
43.22	93.2203
43.27	83.0508
43.32	86.4407
43.37	94.9153
43.42	90
43.47	69.4915
43.52	70
43.57	101.695
43.62	85
43.67	93.2203
43.72	75
43.77	83.0508
43.82	61.017
43.87	84.7458
43.92	79.661
43.97	76.2712
44.02	86.4407
44.07	94.8276
44.12	96.6102
44.17	65
44.22	83.0508
44.27	78.3333
44.32	62.7119
44.37	91.6667
44.42	63.3333
44.47	81.3559
44.52	98.3051
44.57	93.3333
44.62	69.4915
44.67	74.5763
44.72	78.3333
44.77	76.2712
44.82	72.8814
44.87	82.7586
44.92	89.8305
44.97	76.2712
45.02	101.695
45.07	86.6667
45.12	94.9153
45.17	84.7458
45.22	100
45.27	79.661
45.32	80
45.37	83.0508
45.42	108.333
45.47	77.5862
45.52	88.3333
45.57	66.1017
45.62	80
45.67	74.1379
45.72	81.3559
45.77	50.8475
45.82	59.322
45.87	64.4068
45.92	66.6667
45.97	84.7458
46.02	115
46.07	88.1356
46.12	103.333
46.17	79.661
46.22	68.3333
46.27	98.3051
46.32	101.695
46.37	81.3559
46.42	105.085
46.47	94.9153
46.52	81.3559
46.57	72.4138
46.62	105.085
46.67	91.6667
46.72	94.9153
46.77	86.4407
46.82	91.6667
46.87	58.3333
46.92	77.9661
46.97	78.3333
47.02	115.254
47.07	88.1356
47.12	66.1017
47.17	91.6667
47.22	74.5763
47.27	91.5254
47.32	98.3051
47.37	79.661
47.42	67.2414
47.47	91.5254
47.52	100
47.57	75
47.62	76.2712
47.67	85
47.72	71.1864
47.77	50.8475
47.82	63.3333
47.87	86.4407
47.92	101.667
47.97	83.0508
48.02	76.2712
48.07	83.0508
48.12	66.1017
48.17	71.1864
48.22	94.9153
48.27	89.8305
48.32	77.9661
48.37	66.1017
48.42	86.4407
48.47	95
48.52	79.661
48.57	93.3333
48.62	94.9153
48.67	80
48.72	91.5254
48.77	71.6667
48.82	101.724
48.87	93.3333
48.92	86.4407
48.97	88.1356
49.02	89.8305
49.07	77.5862
49.12	91.5254
49.17	93.2203
49.22	84.7458
49.27	95
49.32	81.3559
49.37	103.333
49.42	93.3333
49.47	79.661
49.52	81.3559
49.57	90
49.62	89.8305
49.67	71.1864
49.72	86.4407
49.77	81.3559
49.82	80
49.87	89.6552
49.92	81.3559
49.97	79.661
50.02	94.9153
50.07	66.1017
50.12	80
50.17	72.8814
50.22	67.7966
50.27	91.6667
50.32	72.8814
50.37	113.333
50.42	76.2712
50.47	98.3051
50.52	108.475
50.57	83.0508
50.62	75
50.67	64.4068
50.72	94.9153
50.77	79.3103
50.82	98.3051
50.87	71.1864
50.92	96.6667
50.97	88.1356
51.02	68.3333
51.07	93.2203
51.12	93.3333
51.17	76.2712
51.22	66.6667
51.27	103.39
51.32	88.1356
51.37	79.661
51.42	120.339
51.47	93.2203
51.52	101.695
51.57	81.3559
51.62	105.085
51.67	72.8814
51.72	89.8305
51.77	69.4915
51.82	60
51.87	67.7966
51.92	65
51.97	78.3333
52.02	61.017
52.07	72.8814
52.12	86.6667
52.17	79.661
52.22	81.3559
52.27	81.3559
52.32	86.4407
52.37	83.0508
52.42	84.7458
52.47	77.5862
52.52	83.0508
52.57	61.6667
52.62	96.6102
52.67	88.3333
52.72	91.5254
52.77	88.1356
52.82	93.3333
52.87	67.7966
52.92	91.6667
52.97	88.1356
53.02	87.1179
53.07	87.1179
53.12	87.1179
53.17	87.1179
53.22	87.1179
53.27	87.1179
53.32	87.1179
53.37	87.1179
53.42	87.1179
53.47	87.1179
53.52	87.1179
53.57	87.1179
53.62	87.1179
53.67	87.1179
53.72	87.1179
53.77	87.1179
53.82	87.1179
53.87	87.1179
53.92	87.1179
53.97	87.1179
54.02	87.1179
54.07	89.083
54.12	89.083
54.17	89.083
54.22	89.083
54.27	89.083
54.32	89.083
54.37	89.083
54.42	89.083
54.47	89.083
54.52	89.083
54.57	89.083
54.62	89.083
54.67	89.083
54.72	89.083
54.77	89.083
54.82	89.083
54.87	89.083
54.92	89.083
54.97	89.083
55.02	89.083
55.07	89.083
55.12	89.083
55.17	89.083
55.22	87.1179
55.27	84.4978
55.32	84.4978
55.37	84.4978
55.42	84.4978
55.47	84.4978
55.52	84.4978
55.57	84.4978
55.62	84.4978
55.67	85.8079
55.72	85.8079
55.77	85.8079
55.82	85.8079
55.87	85.8079
55.92	85.8079
55.97	85.8079
56.02	85.8079
56.07	85.8079
56.12	85.8079
56.17	85.8079
56.22	85.8079
56.27	85.8079
56.32	85.8079
56.37	85.8079
56.42	85.8079
56.47	85.8079
56.52	85.8079
56.57	85.8079
56.62	85.8079
56.67	85.8079
56.72	85.8079
56.77	85.8079
56.82	85.8079
56.87	84.4978
56.92	84.4978
56.97	84.4978
57.02	84.4978
57.07	84.4978
57.12	84.4978
57.17	84.4978
57.22	84.4978
57.27	84.4978
57.32	84.4978
57.37	83.1878
57.42	83.1878
57.47	83.1878
57.52	83.1878
57.57	83.1878
57.62	83.1878
57.67	83.1878
57.72	83.1878
57.77	83.1878
57.82	83.1878
57.87	-999
57.92	63.1579
57.97	78.5714
58.02	92.9825
58.07	66.0714
58.12	108.929
58.17	84.2105
58.22	62.5
58.27	82.1429
58.32	89.2857
58.37	105.263
58.42	89.2857
58.47	83.9286
58.52	96.4912
58.57	64.9123
58.62	98.2301
58.67	-999
58.72	80.7018
58.77	77.193
58.82	71.4286
58.87	88.4956
58.92	-999
58.97	-999
59.02	-999
59.07	101.786
59.12	78.1818
59.17	78.5714
59.22	80.7018
59.27	85.7143
59.32	98.2456
59.37	77.193
59.42	-999
59.47	69.6429
59.52	96.4912
59.57	110.526
59.62	75
59.67	98.2456
59.72	84.9557
59.77	-999
59.82	81.4159
59.87	-999
59.92	82.1429
59.97	92.8571
60.02	-999
60.07	67.8571
60.12	85.9649
60.17	76.7857
60.22	64.9123
60.27	85.9649
60.32	91.1765
60.37	-999
60.42	-999
60.47	80.3571
60.52	68.4211
60.57	103.571
60.62	77.193
60.67	89.4737
60.72	73.2143
60.77	89.2857
60.82	82.1429
60.87	60.7143
60.92	96.4286
60.97	78.9474
61.02	98.2456
61.07	75
61.12	47.3684
61.17	80.7018
61.22	73.6842
61.27	75.4386
61.32	100
61.37	95.2941
61.42	-999
61.47	-999
61.52	78.9474
61.57	73.2143
61.62	94.5455
61.67	91.0714
61.72	92.9825
61.77	89.2857
61.82	78.2353
61.87	-999
61.92	-999
61.97	92.8571
62.02	101.754
62.07	85.9649
62.12	89.3805
62.17	-999
62.22	71.9298
62.27	78.5714
62.32	84.2105
62.37	91.2281
62.42	92.8571
62.47	89.2857
62.52	53.5714
62.57	89.3805
62.62	-999
62.67	82.4561
62.72	92.8571
62.77	84.2105
62.82	81.4159
62.87	-999
62.92	94.7368
62.97	91.1504
63.02	-999
63.07	80.7018
63.12	85.7988
63.17	-999
63.22	-999
63.27	71.4286
63.32	86.7257
63.37	-999
63.42	108.772
63.47	83.9286
63.52	91.0714
63.57	64.9123
63.62	66.6667
63.67	77.193
63.72	62.8319
63.77	-999
63.82	65.4867
63.87	-999
63.92	77.193
63.97	67.6471
64.02	-999
64.07	-999
64.12	85.4545
64.17	70.1754
64.22	80.3571
64.27	98.2143
64.32	94.7368
64.37	89.4737
64.42	79.646
64.47	-999
64.52	77.193
64.57	92.9825
64.62	105.263
64.67	82.3009
64.72	-999
64.77	91.2281
64.82	71.9298
64.87	107.143
64.92	100
64.97	89.2857
65.02	82.3009
65.07	-999
65.12	80.3571
65.17	105.263
65.22	82.4561
65.27	80.531
65.32	-999
65.37	84.2105
65.42	103.571
65.47	91.2281
65.52	94.7368
65.57	91.2281
65.62	94.7368
65.67	103.509
65.72	80.7018
65.77	63.1579
65.82	75.4386
65.87	89.6552
65.92	79.3103
65.97	112.281
66.02	87.931
66.07	110.345
66.12	79.3103
66.17	75.8621
66.22	65.5172
66.27	101.724
66.32	79.3103
66.37	100
66.42	89.4737
66.47	81.0345
66.52	100
66.57	85.9649
66.62	105.263
66.67	82.7586
66.72	103.448
66.77	96.4912
66.82	81.0345
66.87	98.2759
66.92	87.931
66.97	65.5172
67.02	110.345
67.07	89.6552
67.12	89.6552
67.17	115.789
67.22	67.2414
67.27	89.6552
67.32	93.1035
67.37	101.754
67.42	84.4828
67.47	89.8305
67.52	72.8814
67.57	86.4407
67.62	96.6102
67.67	75
67.72	98.3051
67.77	79.3103
67.82	105
67.87	100
67.92	89.8305
67.97	100
68.02	84.7458
68.07	79.661
68.12	94.9153
68.17	76.2712
68.22	85.9649
68.27	66.1017
68.32	73.6842
68.37	101.724
68.42	81.0345
68.47	75.8621
68.52	105.172
68.57	94.8276
68.62	67.2414
68.67	72.4138
68.72	81.0345
68.77	100
68.82	91.3793
68.87	83.0508
68.92	98.2759
68.97	92.9825
69.02	105.172
69.07	93.2203
69.12	72.8814
69.17	74.5763
69.22	86.2069
69.27	94.9153
69.32	76.6667
69.37	79.661
69.42	77.9661
69.47	83.0508
69.52	64.4068
69.57	94.9153
69.62	87.931
69.67	70.6897
69.72	82.7586
69.77	48.2759
69.82	42.1053
69.87	63.1579
69.92	72.4138
69.97	89.4737
70.02	87.931
70.07	87.931
70.12	115.517
70.17	75.8621
70.22	101.724
70.27	84.4828
70.32	72.4138
70.37	87.931
70.42	101.724
70.47	84.2105
70.52	110.345
70.57	87.931
70.62	70.6897
70.67	87.7193
70.72	66.6667
70.77	89.6552
70.82	103.509
70.87	96.5517
70.92	81.0345
70.97	75.8621
71.02	93.1035
71.07	89.6552
71.12	86.2069
71.17	93.1035
71.22	82.7586
71.27	82.7586
71.32	82.4561
71.37	77.5862
71.42	75.8621
71.47	105.263
71.52	64.9123
71.57	94.8276
71.62	80.7018
71.67	93.1035
71.72	85.9649
71.77	91.3793
71.82	86.2069
71.87	94.8276
71.92	100
71.97	86.2069
72.02	82.7586
72.07	87.931
72.12	98.2759
72.17	77.193
72.22	72.4138
72.27	82.4561
72.32	78.9474
72.37	77.5862
72.42	82.4561
72.47	75.8621
72.52	93.1035
72.57	87.931
72.62	105.263
72.67	101.724
72.72	89.6552
72.77	81.0345
72.82	82.7586
72.87	86.2069
72.92	87.7193
72.97	122.414
73.02	117.241
73.07	59.6491
73.12	84.2105
73.17	78.9474
73.22	67.2414
73.27	96.4912
73.32	91.3793
73.37	81.0345
73.42	62.069
73.47	94.8276
73.52	81.0345
73.57	89.6552
73.62	103.448
73.67	84.4828
73.72	92.9825
73.77	82.7586
73.82	96.5517
73.87	94.8276
73.92	84.2105
73.97	75
74.02	67.2414
74.07	94.7368
74.12	100
74.17	77.5862
74.22	70.6897
74.27	77.5862
74.32	82.4561
74.37	96.5517
74.42	84.4828
74.47	87.931
74.52	81.0345
74.57	77.5862
74.62	70.6897
74.67	73.6842
74.72	94.8276
74.77	73.2143
74.82	96.5517
74.87	85.9649
74.92	67.2414
74.97	75.8621
75.02	93.1035
75.07	81.0345
75.12	79.3103
75.17	73.6842
75.22	110.345
75.27	93.1035
75.32	110.345
75.37	82.4561
75.42	68.9655
75.47	75.4386
75.52	74.1379
75.57	77.193
75.62	91.2281
75.67	63.1579
75.72	56.8966
75.77	70.6897
75.82	50
75.87	77.5862
75.92	84.4828
75.97	85.9649
76.02	81.0345
76.07	98.2759
76.12	91.3793
76.17	101.724
76.22	91.2281
76.27	82.7586
76.32	105.172
76.37	80.7018
76.42	91.2281
76.47	98.2456
76.52	103.448
76.57	103.509
76.62	91.3793
76.67	74.1379
76.72	103.448
76.77	75.8621
76.82	92.9825
76.87	91.3793
76.92	89.6552
76.97	93.1035
77.02	92.9825
77.07	84.4828
77.12	77.5862
77.17	98.2456
77.22	75.4386
77.27	85.9649
77.32	96.5517
77.37	86.2069
77.42	82.4561
77.47	101.724
77.52	75.8621
77.57	89.6552
77.62	84.4828
77.67	84.4828
77.72	82.7586
77.77	66.6667
77.82	96.4912
77.87	70.6897
77.92	106.897
77.97	100
78.02	92.9825
78.07	101.754
78.12	81.0345
78.17	68.4211
78.22	86.2069
78.27	98.2759
78.32	101.724
78.37	91.3793
78.42	87.931
78.47	93.1035
78.52	89.4737
78.57	94.8276
78.62	87.931
78.67	98.2456
78.72	70.6897
78.77	77.5862
78.82	77.193
78.87	63.1579
78.92	85.9649
78.97	72.4138
79.02	73.6842
79.07	75.8621
79.12	89.6552
79.17	101.724
79.22	86.2069
79.27	91.2281
79.32	82.7586
79.37	86.2069
79.42	82.7586
79.47	71.9298
79.52	72.4138
79.57	98.2456
79.62	101.724
79.67	75.4386
79.72	94.7368
79.77	89.6552
79.82	75.4386
79.87	82.7586
79.92	68.9655
79.97	82.7586
80.02	89.6552
80.07	103.448
80.12	66.6667
80.17	81.0345
80.22	106.897
80.27	87.7193
80.32	79.3103
80.37	78.9474
80.42	78.9474
80.47	94.8276
80.52	89.2857
80.57	106.897
80.62	105.172
80.67	100
80.72	91.3793
80.77	81.0345
80.82	82.7586
80.87	101.724
80.92	81.0345
80.97	89.4737
81.02	82.7586
81.07	98.2759
81.12	71.9298
81.17	82.7586
81.22	91.3793
81.27	101.754
81.32	85.9649
81.37	98.2456
81.42	100
81.47	94.8276
81.52	101.724
81.57	101.724
81.62	63.1579
81.67	72.4138
81.72	53.4483
81.77	70.6897
81.82	68.9655
81.87	70.1754
81.92	48.2759
81.97	63.1579
82.02	103.448
82.07	106.897
82.12	103.509
82.17	107.143
82.22	87.931
82.27	68.4211
82.32	106.897
82.37	77.5862
82.42	87.931
82.47	74.1379
82.52	105.172
82.57	56.8966
82.62	89.6552
82.67	92.9825
82.72	58.6207
82.77	85.9649
82.82	96.5517
82.87	82.4561
82.92	80.7018
82.97	91.2281
83.02	96.5517
83.07	103.509
83.12	96.5517
83.17	72.4138
83.22	89.6552
83.27	81.0345
83.32	89.6552
83.37	113.793
83.42	87.931
83.47	122.807
83.52	94.8276
83.57	112.281
83.62	98.2759
83.67	82.7586
83.72	78.9474
83.77	66.6667
83.82	78.9474
83.87	108.621
83.92	82.4561
83.97	79.3103
84.02	70.6897
84.07	101.724
84.12	100
84.17	84.4828
84.22	94.8276
84.27	89.6552
84.32	72.4138
84.37	100
84.42	94.8276
84.47	82.4561
84.52	82.7586
84.57	67.2414
84.62	92.8571
84.67	101.724
84.72	78.9474
84.77	81.0345
84.82	81.0345
84.87	82.7586
84.92	82.7586
84.97	91.3793
85.02	94.8276
85.07	93.1035
85.12	100
85.17	94.8276
85.22	92.9825
85.27	82.7586
85.32	94.8276
85.37	73.6842
85.42	83.9286
85.47	93.1035
85.52	84.2105
85.57	98.2759
85.62	87.931
85.67	72.4138
85.72	72.4138
85.77	87.931
85.82	84.4828
85.87	62.069
85.92	82.4561
85.97	101.724
86.02	96.5517
86.07	73.6842
86.12	91.3793
86.17	71.9298
86.22	100
86.27	91.2281
86.32	94.8276
86.37	89.6552
86.42	89.4737
86.47	113.793
86.52	105.172
86.57	86.2069
86.62	103.448
86.67	78.9474
86.72	62.069
86.77	94.8276
86.82	92.9825
86.87	79.3103
86.92	93.1035
86.97	87.931
87.02	91.2281
87.07	71.9298
87.12	101.754
87.17	107.018
87.22	84.4828
87.27	94.8276
87.32	74.1379
87.37	81.0345
87.42	94.8276
87.47	68.9655
87.52	91.3793
87.57	91.3793
87.62	84.2105
87.67	70.1754
87.72	67.2414
87.77	31.0345
87.82	70.1754
87.87	66.6667
87.92	63.1579
87.97	105.172
88.02	68.4211
88.07	60.3448
88.12	82.7586
88.17	77.5862
88.22	89.6552
88.27	84.4828
88.32	89.6552
88.37	93.1035
88.42	80.7018
88.47	70.1754
88.52	93.1035
88.57	101.724
88.62	79.3103
88.67	77.193
88.72	77.193
88.77	96.4912
88.82	110.345
88.87	75.4386
88.92	91.3793
88.97	94.8276
89.02	105.172
89.07	89.6552
89.12	87.931
89.17	119.298
89.22	86.2069
89.27	93.1035
89.32	84.2105
89.37	103.448
89.42	96.5517
89.47	71.9298
89.52	77.193
89.57	87.7193
89.62	115.517
89.67	78.9474
89.72	67.2414
89.77	82.7586
89.82	91.3793
89.87	101.724
89.92	113.793
89.97	106.897
90.02	91.3793
90.07	101.724
90.12	64.9123
90.17	94.7368
90.22	84.4828
90.27	98.2759
90.32	87.7193
90.37	80.7018
90.42	94.7368
90.47	101.724
90.52	84.2105
90.57	88.1356
90.62	94.8276
90.67	101.724
90.72	96.4912
90.77	98.2759
90.82	75.8621
90.87	77.5862
90.92	79.3103
90.97	96.4912
91.02	100
91.07	105.172
91.12	98.2456
91.17	77.193
91.22	84.2105
91.27	74.1379
91.32	96.4912
91.37	94.8276
91.42	81.0345
91.47	86.2069
91.52	74.1379
91.57	72.4138
91.62	77.193
91.67	100
91.72	81.0345
91.77	78.9474
91.82	65.5172
91.87	77.5862
91.92	84.2105
91.97	66.6667
92.02	82.4561
92.07	79.3103
92.12	89.6552
92.17	100
92.22	81.0345
92.27	82.7586
92.32	87.931
92.37	87.931
92.42	85.9649
92.47	100
92.52	70.6897
92.57	75.8621
92.62	92.9825
92.67	67.2414
92.72	89.4737
92.77	91.2281
92.82	100
92.87	100
92.92	89.6552
92.97	105.172
93.02	91.3793
93.07	94.8276
93.12	75.8621
93.17	74.1379
93.22	84.4828
93.27	86.2069
93.32	100
93.37	80.7018
93.42	100
93.47	73.6842
93.52	72.4138
93.57	91.3793
93.62	82.1429
93.67	68.9655
93.72	65.5172
93.77	64.9123
93.82	72.4138
93.87	84.4828
93.92	84.4828
93.97	89.6552
94.02	79.3103
94.07	63.7931
94.12	84.2105
94.17	100
94.22	108.621
94.27	80.7018
94.32	103.448
94.37	87.931
94.42	116.071
94.47	107.018
94.52	72.4138
94.57	96.5517
94.62	77.5862
94.67	86.2069
94.72	105.172
94.77	108.621
94.82	87.7193
94.87	62.069
94.92	91.3793
94.97	72.4138
95.02	119.298
95.07	87.931
95.12	84.2105
95.17	101.724
95.22	100.877
95.27	-999
95.32	94.7368
95.37	89.6552
95.42	91.2281
95.47	98.3051
95.52	77.5862
95.57	103.509
95.62	108.621
95.67	98.2759
95.72	65.5172
95.77	101.724
95.82	94.8276
95.87	73.6842
95.92	87.931
95.97	98.2456
96.02	74.1379
96.07	98.2456
96.12	78.9474
96.17	71.9298
96.22	96.5517
96.27	84.4828
96.32	74.1379
96.37	87.931
96.42	81.0345
96.47	86.2069
96.52	96.4912
96.57	108.621
96.62	82.7586
96.67	85.9649
96.72	79.3103
96.77	96.5517
96.82	91.2281
96.87	94.7368
96.92	103.509
96.97	60.3448
97.02	117.544
97.07	75.8621
97.12	101.724
97.17	68.9655
97.22	106.897
97.27	79.3103
97.32	74.1379
97.37	98.2759
97.42	79.3103
97.47	75.4386
97.52	93.1035
97.57	91.2281
97.62	106.897
97.67	76.3158
97.72	-999
97.77	77.193
97.82	98.2456
97.87	94.8276
97.92	94.8276
97.97	87.931
98.02	77.5862
98.07	84.4828
98.12	98.2759
98.17	98.2456
98.22	81.0345
98.27	79.3103
98.32	96.5517
98.37	61.4035
98.42	96.5517
98.47	78.9474
98.52	82.4561
98.57	85.9649
98.62	94.8276
98.67	87.931
98.72	81.0345
98.77	117.241
98.82	94.7368
98.87	87.931
98.92	110.345
98.97	98.2759
99.02	67.2414
99.07	107.018
99.12	108.621
99.17	117.544
99.22	101.724
99.27	115.789
99.32	112.069
99.37	75.4386
99.42	103.509
99.47	96.4912
99.52	86.2069
99.57	79.3103
99.62	77.5862
99.67	67.2414
99.72	67.2414
99.77	50
99.82	44.8276
99.87	84.2105
99.92	82.7586
99.97	81.0345
100.02	94.7368
100.07	86.2069
100.12	77.193
100.17	107.018
100.22	84.2105
100.27	87.7193
100.32	141.379
100.37	72.4138
100.42	87.931
100.47	85.9649
100.52	101.724
100.57	89.6552
100.62	98.2759
100.67	91.3793
100.72	100
100.77	84.4828
100.82	100
100.87	110.345
100.92	60.3448
100.97	83.9286
101.02	75.4386
101.07	74.1379
101.12	54.386
101.17	81.0345
101.22	70.6897
101.27	89.6552
101.32	74.1379
101.37	77.193
101.42	98.2759
101.47	62.069
101.52	92.9825
101.57	118.966
101.62	66.6667
101.67	100
101.72	96.4912
101.77	103.448
101.82	77.193
101.87	85.7143
101.92	84.4828
101.97	87.7193
102.02	76.2712
102.07	96.5517
102.12	89.4737
102.17	82.7586
102.22	89.6552
102.27	112.069
102.32	84.2105
102.37	89.6552
102.42	78.9474
102.47	115.517
102.52	81.0345
102.57	108.772
102.62	82.4561
102.67	85.9649
102.72	89.4737
102.77	101.724
102.82	89.4737
102.87	81.0345
102.92	100
102.97	79.3103
103.02	98.2759
103.07	107.018
103.12	87.931
103.17	100
103.22	68.4211
103.27	75.8621
103.32	72.4138
103.37	80.7018
103.42	105.172
103.47	87.5
103.52	78.9474
103.57	98.2759
103.62	79.3103
103.67	77.5862
103.72	77.5862
103.77	84.2105
103.82	91.3793
103.87	94.8276
103.92	96.5517
103.97	82.4561
104.02	117.241
104.07	91.2281
104.12	74.1379
104.17	78.9474
104.22	105.172
104.27	79.8246
104.32	-999
104.37	94.7368
104.42	79.3103
104.47	87.931
104.52	89.6552
104.57	101.724
104.62	91.2281
104.67	94.8276
104.72	68.9655
104.77	84.4828
104.82	91.2281
104.87	74.1379
104.92	94.8276
104.97	89.4737
105.02	112.069
105.07	98.2456
105.12	-999
105.17	87.7193
105.22	117.544
105.27	74.1379
105.32	81.0345
105.37	68.9655
105.42	84.2105
105.47	65.5172
105.52	93.1035
105.57	66.6667
105.62	79.3103
105.67	81.0345
105.72	59.6491
105.77	60.3448
105.82	59.6491
105.87	75.8621
105.92	70.1754
105.97	-999
106.02	77.193
106.07	106.897
106.12	70.6897
106.17	81.0345
106.22	107.018
106.27	96.5517
106.32	100
106.37	80.7018
106.42	101.724
106.47	75.8621
106.52	78.9474
106.57	84.4828
106.62	73.6842
106.67	91.3793
106.72	92.1053
106.77	-999
106.82	69.6429
106.87	106.897
106.92	94.8276
106.97	96.5517
107.02	84.4828
107.07	87.7193
107.12	56.8966
107.17	103.448
107.22	86.2069
107.27	81.0345
107.32	115.789
107.37	93.1035
107.42	63.1579
107.47	82.7586
107.52	103.509
107.57	85.9649
107.62	92.9825
107.67	94.7368
107.72	98.2759
107.77	117.544
107.82	86.2069
107.87	89.6552
107.92	93.1035
107.97	73.6842
108.02	106.897
108.07	112.069
108.12	92.9825
108.17	103.448
108.22	77.193
108.27	87.931
108.32	92.9825
108.37	89.6552
108.42	80.3571
108.47	107.018
108.52	84.4828
108.57	98.2759
108.62	89.6552
108.67	89.6552
108.72	92.9825
108.77	91.3793
108.82	71.9298
108.87	70.6897
108.92	89.6552
108.97	85.9649
109.02	75.8621
109.07	66.6667
109.12	80.7018
109.17	86.2069
109.22	61.4035
109.27	-999
109.32	54.386
109.37	89.4737
109.42	82.7586
109.47	53.4483
109.52	44.8276
109.57	58.6207
109.62	64.9123
109.67	55.1724
109.72	58.6207
109.77	57.8947
109.82	58.6207
109.87	47.3684
109.92	70.6897
109.97	33.3333
110.02	57.0175
110.07	-999
110.12	61.4035
110.17	64.9123
110.22	48.2759
110.27	56.1404
110.32	43.1035
110.37	56.8966
110.42	53.4483
110.47	71.9298
110.52	41.3793
110.57	50.8772
110.62	29.3103
110.67	57.8947
110.72	46.5517
110.77	38.5965
110.82	60.3448
110.87	61.0619
110.92	-999
110.97	45.614
111.02	62.069
111.07	39.6552
111.12	53.4483
111.17	36.8421
111.22	53.4483
111.27	56.8966
111.32	49.1228
111.37	60.3448
111.42	36.8421
111.47	45.614
111.52	41.3793
111.57	45.614
111.62	46.5517
111.67	38.2353
111.72	-999
111.77	-999
111.82	26.3158
111.87	40.678
111.92	35.0877
111.97	63.7931
112.02	43.1035
112.07	43.8596
112.12	31.0345
112.17	34.4828
112.22	35.0877
112.27	48.2759
112.32	40.3509
112.37	48.2759
112.42	40.3509
112.47	48.2759
112.52	43.8596
112.57	53.5714
112.62	57.8947
112.67	63.7931
112.72	43.1035
112.77	43.8596
112.82	44.8276
112.87	49.1228
112.92	48.2759
112.97	55.1724
113.02	58.6207
113.07	47.3684
113.12	60.3448
113.17	47.3684
113.22	58.6207
113.27	47.3684
113.32	53.5088
113.37	-999
113.42	54.386
113.47	41.3793
113.52	41.3793
113.57	63.1579
113.62	67.2414
113.67	44.8276
113.72	44.8276
113.77	35.0877
113.82	46.5517
113.87	57.8947
113.92	62.069
113.97	45.614
114.02	60.3448
114.07	42.1053
114.12	75.8621
114.17	52.2124
114.22	-999
114.27	41.3793
114.32	46.5517
114.37	56.8966
114.42	64.9123
114.47	39.6552
114.52	56.8966
114.57	45.614
114.62	37.931
114.67	37.931
114.72	61.4035
114.77	44.8276
114.82	38.5965
114.87	29.3103
114.92	36.2069
114.97	48.2456
115.02	-999
115.07	54.386
115.12	28.0702
115.17	37.931
115.22	41.3793
115.27	48.2759
115.32	54.386
115.37	34.4828
115.42	50
115.47	75.4386
115.52	51.7241
115.57	40.3509
115.62	44.8276
115.67	56.8966
115.72	74.1379
115.77	41.3793
115.82	68.4211
115.87	63.1579
115.92	35.0877
115.97	48.2759
116.02	46.5517
116.07	39.6552
116.12	44.8276
116.17	40.3509
116.22	43.1035
116.27	48.2759
116.32	54.386
116.37	20.6897
116.42	38.5965
116.47	37.931
116.52	43.1035
116.57	51.7241
116.62	36.8421
116.67	49.1228
116.72	40.3509
116.77	53.4483
116.82	46.5517
116.87	48.2759
116.92	47.3684
116.97	51.7241
117.02	43.1035
117.07	39.6552
117.12	52.6316
117.17	36.2069
117.22	26.3158
117.27	34.4828
117.32	50
117.37	43.1035
117.42	46.5517
117.47	47.3684
117.52	-999
117.57	49.1228
117.62	39.6552
117.67	41.3793
117.72	31.0345
117.77	28.0702
117.82	20.6897
117.87	36.8421
117.92	22.4138
117.97	32.7586
118.02	47.4576
118.07	37.2881
118.12	47.4576
118.17	25.4237
118.22	47.4576
118.27	43.8596
118.32	39.6552
118.37	40.678
118.42	38.9831
118.47	42.3729
118.52	42.3729
118.57	49.1525
118.62	47.4576
118.67	44.0678
118.72	39.6552
118.77	50.8475
118.82	53.4483
118.87	53.3333
118.92	37.2881
118.97	47.4576
119.02	37.2881
119.07	40.678
119.12	48.2759
119.17	41.6667
119.22	38.3333
119.27	52.459
119.32	63.3333
119.37	36.6667
119.42	37.7049
119.47	51.6667
119.52	40
119.57	50
119.62	53.3333
119.67	50
119.72	57.377
119.77	65
119.82	54.2373
119.87	59.322
119.92	37.931
119.97	46.5517
120.02	49.1525
120.07	66.1017
120.12	35.5932
120.17	42.3729
120.22	30.5085
120.27	58.6207
120.32	63.3333
120.37	44.8276
120.42	55.9322
120.47	49.1525
120.52	49.1525
120.57	30.5085
120.62	62.7119
120.67	47.4576
120.72	46.5517
120.77	62.069
120.82	38.9831
120.87	55.9322
120.92	49.1525
120.97	64.4068
121.02	45.7627
121.07	26.6667
121.12	56.8966
121.17	55.9322
121.22	47.4576
121.27	47.4576
121.32	43.1035
121.37	48.3333
121.42	56.8966
121.47	60.3448
121.52	69.4915
121.57	46.5517
121.62	54.2373
121.67	55.9322
121.72	49.1525
121.77	35.5932
121.82	47.4576
121.87	47.4576
121.92	59.322
121.97	55.9322
122.02	63.7931
122.07	57.6271
122.12	57.6271
122.17	54.2373
122.22	44.0678
122.27	53.4483
122.32	41.3793
122.37	52.5424
122.42	55.9322
122.47	59.322
122.52	52.5424
122.57	56.8966
122.62	44.0678
122.67	49.1525
122.72	52.5424
122.77	33.8983
122.82	44.8276
122.87	55.9322
122.92	37.2881
122.97	54.2373
123.02	49.1525
123.07	43.1035
123.12	54.386
123.17	44.0678
123.22	50.8475
123.27	44.0678
123.32	44.0678
123.37	42.3729
123.42	50.8475
123.47	49.1525
123.52	40.678
123.57	50
123.62	47.4576
123.67	34.4828
123.72	35.5932
123.77	40.678
123.82	24.1379
123.87	25.8621
123.92	46.5517
123.97	33.8983
124.02	37.2881
124.07	32.7586
124.12	44.0678
124.17	45.7627
124.22	44.0678
124.27	52.5424
124.32	50.8475
124.37	45.7627
124.42	36.2069
124.47	32.2034
124.52	32.2034
124.57	54.2373
124.62	51.7241
124.67	36.2069
124.72	36.2069
124.77	29.3103
124.82	38.9831
124.87	42.3729
124.92	35.5932
124.97	57.6271
125.02	44.0678
125.07	39.6552
125.12	50.8475
125.17	37.2881
125.22	54.2373
125.27	46.5517
125.32	49.1525
125.37	30.5085
125.42	43.1035
125.47	53.4483
125.52	29.3103
125.57	48.2759
125.62	35.5932
125.67	50.8475
125.72	55.9322
125.77	38.9831
125.82	45.7627
125.87	59.322
125.92	47.4576
125.97	50.8475
126.02	44.8276
126.07	45.7627
126.12	50
126.17	49.1525
126.22	40.678
126.27	43.1035
126.32	47.3684
126.37	51.7241
126.42	50.8475
126.47	52.5424
126.52	47.4576
126.57	44.0678
126.62	37.2881
126.67	58.6207
126.72	41.6667
126.77	50
126.82	59.322
126.87	37.931
126.92	44.0678
126.97	44.0678
127.02	44.0678
127.07	37.931
127.12	33.3333
127.17	42.3729
127.22	38.9831
127.27	45.7627
127.32	43.1035
127.37	42.3729
127.42	52.5424
127.47	30.5085
127.52	35.5932
127.57	43.1035
127.62	55.9322
127.67	55.9322
127.72	59.322
127.77	39.6552
127.82	44.0678
127.87	43.1035
127.92	50
127.97	39.6552
128.02	38.9831
128.07	38.9831
128.12	35.5932
128.17	40.678
128.22	42.3729
128.27	28.8136
128.32	66.1017
128.37	54.2373
128.42	44.0678
128.47	46.5517
128.52	33.8983
128.57	40.678
128.62	37.931
128.67	40.678
128.72	40.3509
128.77	53.4483
128.82	50.8475
128.87	32.2034
128.92	59.322
128.97	40.678
129.02	38.9831
129.07	33.8983
129.12	30.5085
129.17	47.4576
129.22	38.9831
129.27	34.4828
129.32	38.9831
129.37	45.7627
129.42	40.678
129.47	25.8621
129.52	50
129.57	25.8621
129.62	35.5932
129.67	32.2034
129.72	42.3729
129.77	22.0339
129.82	23.7288
129.87	47.4576
129.92	25.4237
129.97	31.0345
130.02	49.1525
130.07	56.8966
130.12	33.8983
130.17	40.678
130.22	44.0678
130.27	46.5517
130.32	53.4483
130.37	62.069
130.42	50.8475
130.47	42.3729
130.52	54.2373
130.57	61.017
130.62	59.322
130.67	28.8136
130.72	33.8983
130.77	33.8983
130.82	52.5424
130.87	54.2373
130.92	46.5517
130.97	52.5424
131.02	52.5424
131.07	44.8276
131.12	41.3793
131.17	55.1724
131.22	46.5517
131.27	32.2034
131.32	28.3333
131.37	37.2881
131.42	42.3729
131.47	36.2069
131.52	38.9831
131.57	55.9322
131.62	40.678
131.67	30.5085
131.72	54.2373
131.77	34.4828
131.82	30.5085
131.87	38.9831
131.92	44.8276
131.97	43.1035
132.02	40.678
132.07	42.3729
132.12	37.2881
132.17	42.3729
132.22	47.4576
132.27	42.3729
132.32	39.6552
132.37	42.3729
132.42	50.8475
132.47	53.4483
132.52	45.7627
132.57	55.9322
132.62	50.8475
132.67	44.0678
132.72	49.1228
132.77	60.3448
132.82	27.1186
132.87	31.6667
132.92	66.1017
132.97	49.1525
133.02	45.7627
133.07	54.2373
133.12	57.6271
133.17	42.3729
133.22	49.1525
133.27	46.5517
133.32	49.1525
133.37	52.5424
133.42	53.4483
133.47	40.678
133.52	51.7241
133.57	44.8276
133.62	29.3103
133.67	47.4576
133.72	46.6667
133.77	50.8475
133.82	35.5932
133.87	37.2881
133.92	55.9322
133.97	44.0678
134.02	45.7627
134.07	52.5424
134.12	39.6552
134.17	42.3729
134.22	37.931
134.27	49.1525
134.32	29.3103
134.37	54.2373
134.42	27.5862
134.47	57.6271
134.52	45.7627
134.57	45.7627
134.62	35.5932
134.67	45.7627
134.72	45.7627
134.77	44.0678
134.82	33.8983
134.87	60.3448
134.92	50.8475
134.97	40.678
135.02	54.2373
135.07	48.2759
135.12	39.6552
135.17	41.3793
135.22	50.8475
135.27	42.3729
135.32	45.7627
135.37	40.678
135.42	38.9831
135.47	30.5085
135.52	33.8983
135.57	42.3729
135.62	61.017
135.67	30.5085
135.72	32.7586
135.77	22.0339
135.82	38.9831
135.87	15.5172
135.92	37.931
135.97	43.1035
136.02	33.8983
136.07	34.4828
136.12	58.3333
136.17	42.3729
136.22	40.678
136.27	35.5932
136.32	44.8276
136.37	30
136.42	49.1525
136.47	43.1035
136.52	47.4576
136.57	42.3729
136.62	43.1035
136.67	35.5932
136.72	44.8276
136.77	29.3103
136.82	61.017
136.87	28.8136
136.92	45.7627
136.97	16.9492
137.02	18.6441
137.07	47.4576
137.12	42.3729
137.17	59.322
137.22	35.5932
137.27	42.3729
137.32	37.931
137.37	30.5085
137.42	37.2881
137.47	34.4828
137.52	41.3793
137.57	44.8276
137.62	42.3729
137.67	33.8983
137.72	51.6667
137.77	37.2881
137.82	35.5932
137.87	38.9831
137.92	23.7288
137.97	35.5932
138.02	38.9831
138.07	38.9831
138.12	62.7119
138.17	36.2069
138.22	40.678
138.27	28.8136
138.32	36.2069
138.37	55.1724
138.42	46.5517
138.47	45.7627
138.52	44.0678
138.57	50
138.62	44.0678
138.67	33.8983
138.72	49.1525
138.77	50.8475
138.82	38.9831
138.87	40.678
138.92	29.3103
138.97	35.5932
139.02	33.8983
139.07	32.2034
139.12	39.6552
139.17	39.6552
139.22	52.5424
139.27	32.2034
139.32	49.1525
139.37	44.0678
139.42	33.8983
139.47	28.8136
139.52	42.3729
139.57	27.1186
139.62	44.0678
139.67	47.4576
139.72	32.7586
139.77	27.1186
139.82	33.8983
139.87	40.678
139.92	42.1053
139.97	25.4237
140.02	27.5862
140.07	32.2034
140.12	45
140.17	32.2034
140.22	23.7288
140.27	38.9831
140.32	33.8983
140.37	18.6441
140.42	42.3729
140.47	35.5932
140.52	44.0678
140.57	35.5932
140.62	49.1525
140.67	44.8276
140.72	44.8276
140.77	44.8276
140.82	35.5932
140.87	38.9831
140.92	38.9831
140.97	37.2881
141.02	22.0339
141.07	30.5085
141.12	25.4237
141.17	40.678
141.22	49.1525
141.27	40.678
141.32	43.1035
141.37	30.5085
141.42	33.8983
141.47	44.0678
141.52	39.6552
141.57	46.5517
141.62	44.0678
141.67	40.678
141.72	47.4576
141.77	23.7288
141.82	25.4237
141.87	28.8136
141.92	37.2881
141.97	23.7288
142.02	38.9831
142.07	49.1525
142.12	42.3729
142.17	32.7586
142.22	40.678
142.27	37.2881
142.32	39.6552
142.37	46.5517
142.42	44.0678
142.47	37.2881
142.52	33.8983
142.57	49.1525
142.62	38.9831
142.67	45.7627
142.72	42.3729
142.77	55.9322
142.82	45.7627
142.87	49.1525
142.92	32.2034
142.97	38.9831
143.02	23.7288
143.07	49.1525
143.12	32.7586
143.17	37.931
143.22	50
143.27	40.678
143.32	42.3729
143.37	31.6667
143.42	38.9831
143.47	31.0345
143.52	41.6667
143.57	30.5085
143.62	35.5932
143.67	35.5932
143.72	37.2881
143.77	18.9655
143.82	42.3729
143.87	47.4576
143.92	36.2069
143.97	43.1035
144.02	40.678
144.07	28.8136
144.12	38.9831
144.17	45.7627
144.22	38.3333
144.27	54.2373
144.32	30.5085
144.37	50.8475
144.42	57.6271
144.47	38.9831
144.52	40.678
144.57	43.1035
144.62	40.678
144.67	44.0678
144.72	41.3793
144.77	48.2759
144.82	37.2881
144.87	35.5932
144.92	35.5932
144.97	49.1525
145.02	33.8983
145.07	42.3729
145.12	30.5085
145.17	38.9831
145.22	37.2881
145.27	52.5424
145.32	61.017
145.37	35.5932
145.42	44.0678
145.47	37.2881
145.52	39.6552
145.57	50
145.62	41.3793
145.67	44.0678
145.72	44.0678
145.77	54.2373
145.82	33.8983
145.87	57.6271
145.92	57.6271
145.97	32.2034
146.02	33.8983
146.07	44.0678
146.12	55.9322
146.17	38.9831
146.22	37.2881
146.27	55.9322
146.32	50
146.37	34.4828
146.42	27.5862
146.47	40.678
146.52	37.2881
146.57	56.6667
146.62	32.2034
146.67	37.2881
146.72	44.0678
146.77	40.678
146.82	50.8475
146.87	30.5085
146.92	56.8966
146.97	37.2881
147.02	37.2881
147.07	41.3793
147.12	45.7627
147.17	48.2759
147.22	31.0345
147.27	45.7627
147.32	42.3729
147.37	22.0339
147.42	50
147.47	50.8475
147.52	45.7627
147.57	44.0678
147.62	47.4576
147.67	30.5085
147.72	23.7288
147.77	22.4138
147.82	22.0339
147.87	23.7288
147.92	42.3729
147.97	44.8276
148.02	43.1035
148.07	45.7627
148.12	52.5424
148.17	42.3729
148.22	23.7288
148.27	44.0678
148.32	55.9322
148.37	54.2373
148.42	35.5932
148.47	30.5085
148.52	50.8475
148.57	48.2759
148.62	49.1525
148.67	49.1525
148.72	45.7627
148.77	50.8772
148.82	40.678
148.87	52.5424
148.92	32.2034
148.97	44.0678
149.02	44.0678
149.07	42.3729
149.12	61.017
149.17	44.0678
149.22	40.678
149.27	33.8983
149.32	40.678
149.37	48.2759
149.42	28.8136
149.47	61.017
149.52	51.7241
149.57	48.2759
149.62	47.4576
149.67	34.4828
149.72	45.7627
149.77	32.2034
149.82	44.0678
149.87	40
149.92	62.7119
149.97	42.3729
150.02	33.8983
