Depth	NGAM
m	API
5.00	97.5
5.05	93.0612
5.10	105.6
5.15	129.796
5.20	72
5.25	85.7143
5.30	88.8
5.35	103.2
5.40	110.4
5.45	102.857
5.50	107.755
5.55	93.0612
5.60	134.4
5.65	136.8
5.70	112.653
5.75	124.898
5.80	117.6
5.85	142.5
5.90	146.939
5.95	120
6.00	110.204
6.05	79.2
6.10	85.7143
6.15	139.2
6.20	103.2
6.25	107.755
6.30	112.5
6.35	97.9592
6.40	149.388
6.45	135
6.50	120
6.55	129.796
6.60	112.5
6.65	112.653
6.70	115.102
6.75	102.857
6.80	142.041
6.85	90.6123
6.90	97.9592
6.95	112.653
7.00	115.102
7.05	110
7.10	129.796
7.15	87.5
7.20	105.6
7.25	120
7.30	132
7.35	105.306
7.40	100.8
7.45	100.408
7.50	108
7.55	120
7.60	120
7.65	124.706
7.70	83.2653
7.75	124.898
7.80	-999
7.85	103.2
7.90	97.9592
7.95	102.857
8.00	144
8.05	129.6
8.10	120
8.15	117.6
8.20	129.6
8.25	96.4706
8.30	140.769
8.35	97.9592
8.40	129.6
8.45	88.1633
8.50	146.939
8.55	103.2
8.60	115
8.65	135
8.70	93.0612
8.75	110.204
8.80	95
8.85	112.653
8.90	97.5
8.95	100.408
9.00	95
9.05	100.408
9.10	117.6
9.15	142.041
9.20	134.694
9.25	122.449
9.30	74.4
9.35	115
9.40	102.5
9.45	110
9.50	97.9592
9.55	95.5102
9.60	102.857
9.65	107.5
9.70	105.306
9.75	83.2653
9.80	102.5
9.85	112.653
9.90	95
9.95	100.408
10.00	110
10.05	87.5
10.10	85
10.15	115.102
10.20	105
10.25	115.102
10.30	112.5
10.35	112.653
10.40	112.8
10.45	98.4
10.50	122.449
10.55	115.2
10.60	66.1225
10.65	120
10.70	148.8
10.75	117.5
10.80	124.898
10.85	132.245
10.90	88.1633
10.95	88.1633
11.00	134.694
11.05	124.8
11.10	102.857
11.15	110
11.20	81.6
11.25	120
11.30	120
11.35	124.898
11.40	129.6
11.45	98.4
11.50	117.551
11.55	88.8
11.60	122.4
11.65	117.551
11.70	117.6
11.75	127.2
11.80	151.837
11.85	127.347
11.90	105.306
11.95	120
12.00	132.245
12.05	124.706
12.10	108.235
12.15	124.8
12.20	105.882
12.25	110.588
12.30	120
12.35	110.588
12.40	134.4
12.45	122.4
12.50	98.4
12.55	91.7647
12.60	100.8
12.65	122.4
12.70	110.588
12.75	98.4
12.80	86.4
12.85	129.6
12.90	112.941
12.95	91.2
13.00	94.1177
13.05	122.4
13.10	110.588
13.15	79.2
13.20	127.059
13.25	88.8
13.30	93.6
13.35	93.0612
13.40	79.2
13.45	107.755
13.50	107.755
13.55	75
13.60	112.653
13.65	97.9592
13.70	100
13.75	112.8
13.80	97.9592
13.85	96
13.90	88.1633
13.95	100.408
14.00	96
14.05	132
14.10	88.1633
14.15	110.4
14.20	64.8
14.25	100.8
14.30	117.551
14.35	79.2
14.40	97.9592
14.45	86.4
14.50	103.2
14.55	97.9592
14.60	96.4706
14.65	112.941
14.70	122.353
14.75	93.6
14.80	96.4706
14.85	82.3529
14.90	84
14.95	105.306
15.00	96
15.05	84
15.10	84
15.15	91.2
15.20	91.2
15.25	112.8
15.30	87.0588
15.35	103.2
15.40	105.882
15.45	101.538
15.50	75.2941
15.55	78.4615
15.60	96.4706
15.65	73.8462
15.70	71.5385
15.75	98.8235
15.80	103.2
15.85	77.6471
15.90	83.0769
15.95	82.3529
16.00	100.8
16.05	80
16.10	120
16.15	73.4694
16.20	88.1633
16.25	86.4
16.30	84
16.35	66.1225
16.40	83.2653
16.45	69.6
16.50	83.2653
16.55	75.2941
16.60	86.4
16.65	85.7143
16.70	76.8
16.75	115.2
16.80	90.6123
16.85	93.6
16.90	86.4
16.95	96
17.00	81.6
17.05	105.6
17.10	94.1177
17.15	98.8235
17.20	65.8824
17.25	91.2
17.30	127.059
17.35	91.7647
17.40	103.2
17.45	89.4118
17.50	115.2
17.55	105.6
17.60	115.294
17.65	84
17.70	86.4
17.75	87.6923
17.80	88.8
17.85	105.6
17.90	93.6
17.95	120
18.00	103.529
18.05	108.235
18.10	84
18.15	84
18.20	96.4706
18.25	122.4
18.30	105.6
18.35	88.8
18.40	81.6
18.45	103.529
18.50	91.7647
18.55	74.4
18.60	67.2
18.65	67.2
18.70	86.4
18.75	74.4
18.80	84.7059
18.85	96.4706
18.90	131.765
18.95	74.4
19.00	81.6
19.05	129.6
19.10	101.176
19.15	110.4
19.20	98.4
19.25	98.4
19.30	77.6471
19.35	91.7647
19.40	91.2
19.45	73.4694
19.50	122.4
19.55	100.8
19.60	93.6
19.65	117.647
19.70	80
19.75	91.7647
19.80	88.8
19.85	127.059
19.90	96
19.95	105.6
20.00	84
20.05	120
20.10	103.529
20.15	127.2
20.20	91.2
20.25	96
20.30	112.8
20.35	98.4
20.40	112.941
20.45	79.2
20.50	80
20.55	88.8
20.60	96
20.65	103.529
20.70	81.6
20.75	105.6
20.80	112.8
20.85	86.4
20.90	132
20.95	96.4706
21.00	115.294
21.05	81.6
21.10	115.2
21.15	103.2
21.20	81.6
21.25	87.0588
21.30	108.235
21.35	110.4
21.40	100.8
21.45	108
21.50	98.4
21.55	110.4
21.60	94.1177
21.65	98.4
21.70	74.4
21.75	110.588
21.80	96
21.85	115.294
21.90	124.8
21.95	98.4
22.00	91.2
22.05	88.1633
22.10	80
22.15	70.5882
22.20	101.176
22.25	88.8
22.30	75.2941
22.35	108
22.40	84
22.45	94.1177
22.50	93.6
22.55	93.6
22.60	101.176
22.65	86.4
22.70	115.2
22.75	98.4
22.80	88.8
22.85	93.6
22.90	110.4
22.95	115.294
23.00	94.1177
23.05	139.2
23.10	103.529
23.15	100.8
23.20	112.8
23.25	98.8235
23.30	76.8
23.35	86.4
23.40	103.2
23.45	89.4118
23.50	117.6
23.55	98.8235
23.60	69.6
23.65	91.2
23.70	79.2
23.75	91.7647
23.80	122.353
23.85	84
23.90	96.4706
23.95	80
24.00	120
24.05	110.4
24.10	108.235
24.15	98.4
24.20	108.235
24.25	110.4
24.30	105.6
24.35	115.294
24.40	117.6
24.45	144
24.50	100.8
24.55	120
24.60	112.8
24.65	112.941
24.70	105.882
24.75	98.8235
24.80	129.6
24.85	105.882
24.90	94.1177
24.95	112.8
25.00	117.647
25.05	96
25.10	108
25.15	98.8235
25.20	112.8
25.25	98.4
25.30	103.2
25.35	103.2
25.40	117.6
25.45	100.8
25.50	70.5882
25.55	103.529
25.60	127.059
25.65	108
25.70	89.4118
25.75	82.3529
25.80	112.8
25.85	129.6
25.90	108
25.95	84.7059
26.00	96
26.05	122.353
26.10	127.2
26.15	98.4
26.20	86.4
26.25	110.588
26.30	89.4118
26.35	94.1177
26.40	93.6
26.45	75.2941
26.50	88.8
26.55	105.882
26.60	93.6
26.65	100.8
26.70	86.4
26.75	84.7059
26.80	136.8
26.85	96.4706
26.90	98.4
26.95	122.4
27.00	124.8
27.05	110.4
27.10	70.5882
27.15	139.2
27.20	82.3529
27.25	101.176
27.30	94.1177
27.35	62.4
27.40	94.1177
27.45	105.882
27.50	87.0588
27.55	108
27.60	91.2
27.65	100.8
27.70	91.7647
27.75	96
27.80	96
27.85	76.8
27.90	84
27.95	100.8
28.00	110.588
28.05	98.8235
28.10	96
28.15	87.0588
28.20	98.8235
28.25	112.8
28.30	103.529
28.35	100.8
28.40	88.8
28.45	89.4118
28.50	96
28.55	84.7059
28.60	105.6
28.65	88.8
28.70	91.2
28.75	70.5882
28.80	101.176
28.85	94.1177
28.90	112.8
28.95	103.529
29.00	72
29.05	94.1177
29.10	141.6
29.15	117.647
29.20	108
29.25	117.6
29.30	76.8
29.35	105.882
29.40	98.4
29.45	91.7647
29.50	112.8
29.55	105.6
29.60	108
29.65	84.7059
29.70	96
29.75	105.882
29.80	105.882
29.85	89.4118
29.90	67.2
29.95	108.235
30.00	101.176
30.05	132
30.10	96.4706
30.15	79.2
30.20	138.824
30.25	112.8
30.30	110.4
30.35	115.2
30.40	86.4
30.45	117.6
30.50	98.8235
30.55	105.6
30.60	105.882
30.65	101.176
30.70	82.3529
30.75	84
30.80	89.4118
30.85	103.529
30.90	67.2
30.95	96
31.00	98.4
31.05	87.0588
31.10	74.4
31.15	89.4118
31.20	86.4
31.25	93.6
31.30	120
31.35	101.176
31.40	105.882
31.45	108
31.50	91.7647
31.55	129.412
31.60	115.2
31.65	98.8235
31.70	86.4
31.75	91.2
31.80	110.4
31.85	110.588
31.90	74.4
31.95	101.176
32.00	79.2
32.05	110.4
32.10	122.4
32.15	129.412
32.20	112.8
32.25	122.353
32.30	108.235
32.35	110.4
32.40	91.7647
32.45	112.941
32.50	110.588
32.55	120
32.60	89.4118
32.65	120
32.70	129.412
32.75	110.4
32.80	91.7647
32.85	124.8
32.90	112.8
32.95	69.6
33.00	108
33.05	105.882
33.10	103.529
33.15	131.765
33.20	76.8
33.25	117.647
33.30	115.294
33.35	134.4
33.40	89.4118
33.45	86.4
33.50	103.2
33.55	110.4
33.60	89.4118
33.65	88.8
33.70	100.8
33.75	98.8235
33.80	112.941
33.85	91.2
33.90	110.588
33.95	101.176
34.00	120
34.05	110.4
34.10	82.3529
34.15	70.5882
34.20	103.2
34.25	81.6
34.30	127.2
34.35	72.9412
34.40	127.2
34.45	120
34.50	112.8
34.55	100.8
34.60	105.6
34.65	110.588
34.70	120
34.75	108
34.80	105.882
34.85	91.7647
34.90	98.4
34.95	84.7059
35.00	110.588
35.05	65.8824
35.10	120
35.15	117.647
35.20	103.529
35.25	120
35.30	98.8235
35.35	84
35.40	98.4
35.45	103.2
35.50	76.8
35.55	108.235
35.60	98.8235
35.65	124.706
35.70	94.1177
35.75	117.6
35.80	120
35.85	110.588
35.90	127.2
35.95	76.8
36.00	110.588
36.05	122.4
36.10	94.1177
36.15	110.4
36.20	110.4
36.25	98.8235
36.30	115.2
36.35	94.1177
36.40	108.235
36.45	122.353
36.50	108.235
36.55	115.294
36.60	88.8
36.65	101.176
36.70	91.2
36.75	127.059
36.80	129.6
36.85	93.6
36.90	108.235
36.95	108
37.00	120
37.05	129.6
37.10	141.6
37.15	108.235
37.20	98.4
37.25	108.235
37.30	110.588
37.35	72
37.40	96.4706
37.45	105.882
37.50	101.176
37.55	96.4706
37.60	79.2
37.65	129.6
37.70	110.588
37.75	105.882
37.80	76.8
37.85	76.8
37.90	93.6
37.95	129.412
38.00	115.2
38.05	84.7059
38.10	110.4
38.15	108.235
38.20	98.8235
38.25	79.2
38.30	115.294
38.35	105.882
38.40	96.4706
38.45	105.6
38.50	96
38.55	91.7647
38.60	108
38.65	98.8235
38.70	98.4
38.75	115.2
38.80	145.882
38.85	108
38.90	94.1177
38.95	136.471
39.00	110.588
39.05	110.588
39.10	94.1177
39.15	117.6
39.20	72.9412
39.25	105.6
39.30	105.882
39.35	105.6
39.40	117.6
39.45	82.3529
39.50	103.2
39.55	86.4
39.60	87.0588
39.65	134.4
39.70	80
39.75	94.1177
39.80	101.176
39.85	105.6
39.90	108.235
39.95	127.059
40.00	103.529
40.05	88.8
40.10	115.294
40.15	81.6
40.20	91.7647
40.25	82.3529
40.30	96
40.35	112.941
40.40	108
40.45	81.6
40.50	134.118
40.55	79.2
40.60	108.235
40.65	110.4
40.70	103.529
40.75	105.882
40.80	122.353
40.85	110.4
40.90	110.588
40.95	100.8
41.00	120
41.05	144
41.10	112.941
41.15	100.8
41.20	91.2
41.25	108.235
41.30	100.8
41.35	105.882
41.40	75.2941
41.45	112.941
41.50	110.588
41.55	72.9412
41.60	93.6
41.65	112.941
41.70	82.3529
41.75	141.6
41.80	84.7059
41.85	84
41.90	69.6
41.95	103.2
42.00	63.5294
42.05	94.1177
42.10	103.2
42.15	96
42.20	80
42.25	88.8
42.30	91.7647
42.35	96.4706
42.40	72.9412
42.45	101.176
42.50	98.4
42.55	87.0588
42.60	96
42.65	101.176
42.70	101.176
42.75	94.1177
42.80	105.882
42.85	100.8
42.90	93.6
42.95	96
43.00	87.0588
43.05	79.2
43.10	101.176
43.15	87.0588
43.20	88.8
43.25	70.5882
43.30	91.7647
43.35	112.941
43.40	93.6
43.45	124.706
43.50	91.2
43.55	105.882
43.60	136.8
43.65	110.588
43.70	110.4
43.75	103.2
43.80	91.7647
43.85	105.6
43.90	89.4118
43.95	89.4118
44.00	72.9412
44.05	94.1177
44.10	101.176
44.15	131.765
44.20	98.4
44.25	108.235
44.30	88.8
44.35	91.7647
44.40	103.2
44.45	117.6
44.50	110.588
44.55	81.6
44.60	124.8
44.65	105.882
44.70	105.6
44.75	112.941
44.80	75.2941
44.85	89.4118
44.90	110.4
44.95	87.0588
45.00	89.4118
45.05	76.8
45.10	80
45.15	93.6
45.20	89.4118
45.25	141.176
45.30	110.4
45.35	89.4118
45.40	88.8
45.45	91.2
45.50	131.765
45.55	117.6
45.60	138.824
45.65	117.6
45.70	143.529
45.75	117.647
45.80	88.8
45.85	84.7059
45.90	94.1177
45.95	122.353
46.00	120
46.05	117.6
46.10	105.882
46.15	105.882
46.20	72
46.25	112.8
46.30	112.8
46.35	77.6471
46.40	96
46.45	112.941
46.50	112.941
46.55	101.176
46.60	112.941
46.65	105.882
46.70	84.7059
46.75	101.176
46.80	110.4
46.85	122.4
46.90	96
46.95	110.588
47.00	120
47.05	105.882
47.10	91.2
47.15	57.6
47.20	91.7647
47.25	122.4
47.30	96.4706
47.35	103.529
47.40	103.529
47.45	96
47.50	87.0588
47.55	84.7059
47.60	84
47.65	124.706
47.70	134.4
47.75	101.176
47.80	68.2353
47.85	112.8
47.90	134.118
47.95	88.8
48.00	101.176
48.05	112.8
48.10	68.2353
48.15	84
48.20	112.941
48.25	105.882
48.30	67.2
48.35	94.1177
48.40	105.882
48.45	91.2
48.50	122.353
48.55	81.6
48.60	91.7647
48.65	88.8
48.70	98.8235
48.75	91.2
48.80	81.6
48.85	115.294
48.90	108
48.95	96.4706
49.00	96.4706
49.05	112.941
49.10	101.176
49.15	101.176
49.20	82.3529
49.25	103.529
49.30	122.4
49.35	110.4
49.40	108.235
49.45	103.2
49.50	136.8
49.55	122.353
49.60	122.4
49.65	129.6
49.70	112.941
49.75	124.8
49.80	103.529
49.85	94.1177
49.90	94.1177
49.95	110.4
50.00	120
50.05	108.235
50.10	110.4
50.15	103.529
50.20	124.8
50.25	94.1177
50.30	77.6471
50.35	96
50.40	103.529
50.45	94.1177
50.50	91.2
50.55	98.4
50.60	77.6471
50.65	74.4
50.70	103.529
50.75	96.4706
50.80	127.059
50.85	74.4
50.90	80
50.95	124.706
51.00	112.8
51.05	86.4
51.10	91.7647
51.15	87.0588
51.20	100.8
51.25	120
51.30	122.4
51.35	131.765
51.40	112.8
51.45	87.0588
51.50	84.7059
51.55	131.765
51.60	112.941
51.65	98.8235
51.70	94.1177
51.75	129.412
51.80	122.4
51.85	84.7059
51.90	86.4
51.95	124.8
52.00	84.7059
52.05	117.6
52.10	115.2
52.15	79.2
52.20	127.059
52.25	115.2
52.30	122.353
52.35	77.6471
52.40	89.4118
52.45	93.6
52.50	112.941
52.55	72.9412
52.60	96
52.65	110.588
52.70	108
52.75	105.882
52.80	96
52.85	103.529
52.90	96.4706
52.95	139.2
53.00	115.294
53.05	96
53.10	134.118
53.15	74.4
53.20	117.647
53.25	98.4
53.30	117.647
53.35	120
53.40	122.4
53.45	117.647
53.50	96.4706
53.55	127.2
53.60	100.8
53.65	98.8235
53.70	98.8235
53.75	98.4
53.80	108
53.85	98.4
53.90	103.529
53.95	79.2
54.00	120
54.05	70.5882
54.10	87.0588
54.15	84.7059
54.20	120
54.25	89.4118
54.30	110.588
54.35	98.8235
54.40	91.2
54.45	96
54.50	120
54.55	122.4
54.60	112.8
54.65	103.2
54.70	120
54.75	100.8
54.80	124.706
54.85	110.4
54.90	105.882
54.95	87.0588
55.00	115.294
55.05	91.7647
55.10	96
55.15	80
55.20	98.4
55.25	98.4
55.30	117.647
55.35	129.412
55.40	105.6
55.45	103.529
55.50	88.8
55.55	91.7647
55.60	91.2
55.65	117.647
55.70	98.4
55.75	101.176
55.80	105.882
55.85	79.2
55.90	122.353
55.95	84
56.00	96.4706
56.05	98.8235
56.10	127.2
56.15	105.882
56.20	136.8
56.25	89.4118
56.30	88.8
56.35	86.4
56.40	101.176
56.45	87.0588
56.50	92.3077
56.55	96.9231
56.60	99.2308
56.65	90
56.70	72.4528
56.75	96.4706
56.80	77.6471
56.85	105.882
56.90	67.2
56.95	105.882
57.00	62.4
57.05	82.3529
57.10	76.8
57.15	98.4
57.20	84.7059
57.25	98.4
57.30	72.9412
57.35	76.8
57.40	80
57.45	68.2353
57.50	75.2941
57.55	69.6
57.60	54.1177
57.65	58.8235
57.70	56.4706
57.75	48
57.80	16.4706
57.85	44.7059
57.90	40.8
57.95	47.0588
58.00	42.3529
58.05	38.4
58.10	40
58.15	43.2
58.20	25.8824
58.25	32.9412
58.30	33.6
58.35	35.2941
58.40	35.2941
58.45	19.2
58.50	30.5882
58.55	14.1176
58.60	19.2
58.65	35.2941
58.70	35.2941
58.75	21.1765
58.80	24
58.85	21.1765
58.90	33.6
58.95	33.6
59.00	25.8824
59.05	30.5882
59.10	21.1765
59.15	23.5294
59.20	16.4706
59.25	25.8824
59.30	32.9412
59.35	18.8235
59.40	40.8
59.45	18.8235
59.50	28.2353
59.55	16.8
59.60	25.8824
59.65	21.1765
59.70	21.6
59.75	31.2
59.80	40.8
59.85	42.3529
59.90	18.8235
59.95	35.2941
60.00	28.2353
60.05	35.2941
60.10	25.8824
60.15	33.6
60.20	25.8824
60.25	4.8
60.30	35.2941
60.35	21.1765
60.40	32.9412
60.45	37.6471
60.50	32.9412
60.55	24
60.60	25.8824
60.65	21.1765
60.70	32.9412
60.75	16.4706
60.80	31.2
60.85	44.7059
60.90	18.8235
60.95	33.6
61.00	35.2941
61.05	32.9412
61.10	42.3529
61.15	28.8
61.20	40
61.25	44.7059
61.30	30.5882
61.35	30.5882
61.40	36.7347
61.45	40.8
61.50	25.8824
61.55	42.3529
61.60	33.6
61.65	43.2
61.70	16.8
61.75	28.2353
61.80	32.9412
61.85	38.4
61.90	28.2353
61.95	40
62.00	21.6
62.05	54.1177
62.10	42.3529
62.15	28.8
62.20	35.2941
62.25	36
62.30	61.2245
62.35	64.8
62.40	40
62.45	37.6471
62.50	35.2941
62.55	32.9412
62.60	47.0588
62.65	36
62.70	42.3529
62.75	21.6
62.80	47.0588
62.85	33.9623
62.90	58.8235
62.95	37.6471
63.00	56.4706
63.05	36.9231
63.10	28.2353
63.15	26.4
63.20	49.4118
63.25	35.2941
63.30	25.8824
63.35	45.6
63.40	49.4118
63.45	56.4706
63.50	40
63.55	48
63.60	39.2308
63.65	60
63.70	49.4118
63.75	60
63.80	61.1765
63.85	72
63.90	54.1177
63.95	43.2
64.00	54.1177
64.05	62.4
64.10	44.7059
64.15	30.5882
64.20	49.4118
64.25	28.2353
64.30	55.3846
64.35	37.6471
64.40	28.2353
64.45	46.1539
64.50	58.8235
64.55	30
64.60	34.6154
64.65	44.7059
64.70	55.3846
64.75	47.0588
64.80	52.8
64.85	40
64.90	48.4615
64.95	48.4615
65.00	46.1539
65.05	43.8462
65.10	48.4615
65.15	50.7692
65.20	46.1539
65.25	68.2353
65.30	43.0189
65.35	50.7692
65.40	46.1539
65.45	64.6154
65.50	36.2264
65.55	36.9231
65.60	39.2308
65.65	50.7692
65.70	66.9231
65.75	71.5385
65.80	41.5385
65.85	54.1177
65.90	55.3846
65.95	34.6154
66.00	35.2941
66.05	60
66.10	49.8113
66.15	29.434
66.20	36.2264
66.25	41.5385
66.30	48.75
66.35	49.4118
66.40	49.4118
66.45	56.4706
66.50	42.3529
66.55	46.1539
66.60	50.7692
66.65	48.4615
66.70	57.6923
66.75	36.2264
66.80	48.4615
66.85	45.283
66.90	45.283
66.95	60
67.00	43.0189
67.05	41.5385
67.10	47.0588
67.15	43.8462
67.20	50.4
67.25	47.0588
67.30	30
67.35	48.4615
67.40	48.4615
67.45	27.6923
67.50	46.1539
67.55	66.9231
67.60	53.0769
67.65	39.2308
67.70	43.8462
67.75	43.8462
67.80	36.9231
67.85	39.2308
67.90	20.7692
67.95	41.5385
68.00	42.3529
68.05	40
68.10	34.6154
68.15	43.0189
68.20	56.4706
68.25	39.2308
68.30	39.2308
68.35	39.2308
68.40	34.6154
68.45	27.6923
68.50	53.0769
68.55	44.7059
68.60	32.3077
68.65	18.4615
68.70	50.7692
68.75	36.9231
68.80	40
68.85	32.3077
68.90	39.2308
68.95	42.3529
69.00	43.8462
69.05	50.7692
69.10	43.8462
69.15	25.3846
69.20	27.1698
69.25	36.9231
69.30	39.2308
69.35	23.0769
69.40	39.2308
69.45	32.3077
69.50	18.4615
69.55	11.5385
69.60	16.4706
69.65	25.8824
69.70	20.7692
69.75	25.8824
69.80	16.1538
69.85	34.6154
69.90	23.0769
69.95	25.3846
70.00	36.9231
70.05	43.8462
70.10	41.5385
70.15	20.7692
70.20	25.3846
70.25	32.3077
70.30	34.6154
70.35	20.7692
70.40	9.41177
70.45	20.7692
70.50	30
70.55	48.4615
70.60	20.7692
70.65	25.3846
70.70	27.6923
70.75	27.6923
70.80	18.4615
70.85	36.9231
70.90	23.5294
70.95	27.6923
71.00	28.2353
71.05	40.7547
71.10	25.3846
71.15	23.5294
71.20	20.7692
71.25	21.1765
71.30	55.3846
71.35	36.9231
71.40	32.3077
71.45	35.2941
71.50	39.2308
71.55	20.7692
71.60	30
71.65	30
71.70	36.2264
71.75	13.8462
71.80	32.9412
71.85	25.3846
71.90	32.3077
71.95	41.5385
72.00	34.6154
72.05	18.8235
72.10	23.0769
72.15	23.5294
72.20	23.5294
72.25	36.9231
72.30	32.3077
72.35	27.6923
72.40	34.6154
72.45	20.7692
72.50	41.5385
72.55	30
72.60	39.2308
72.65	40
72.70	27.6923
72.75	34.6154
72.80	37.6471
72.85	39.2308
72.90	32.9412
72.95	27.6923
73.00	36.9231
73.05	32.3077
73.10	13.8462
73.15	36.9231
73.20	30
73.25	30
73.30	36.9231
73.35	30
73.40	23.5294
73.45	42.3529
73.50	32.3077
73.55	44.7059
73.60	25.3846
73.65	41.5385
73.70	28.2353
73.75	30
73.80	27.1698
73.85	27.1698
73.90	15.8491
73.95	40.7547
74.00	27.1698
74.05	29.434
74.10	31.6981
74.15	60
74.20	27.6923
74.25	25.8824
74.30	27.6923
74.35	20.7692
74.40	41.5385
74.45	34.6154
74.50	30.5882
74.55	27.6923
74.60	25.8824
74.65	36.9231
74.70	27.6923
74.75	30
74.80	35.2941
74.85	31.6981
74.90	28.2353
74.95	39.2308
75.00	25.3846
75.05	27.6923
75.10	37.6471
75.15	32.3077
75.20	30.5882
75.25	50.7692
75.30	27.6923
75.35	25.8824
75.40	25.3846
75.45	27.6923
75.50	25.3846
75.55	23.0769
75.60	25.3846
75.65	27.1698
75.70	35.2941
75.75	32.3077
75.80	41.5385
75.85	43.8462
75.90	32.9412
75.95	23.0769
76.00	35.2941
76.05	16.1538
76.10	25.3846
76.15	30.5882
76.20	32.3077
76.25	21.1765
76.30	20.7692
76.35	32.3077
76.40	32.3077
76.45	46.1539
76.50	32.3077
76.55	30
76.60	20.7692
76.65	30
76.70	35.2941
76.75	18.4615
76.80	27.6923
76.85	16.1538
76.90	32.3077
76.95	32.9412
77.00	20.7692
77.05	37.6471
77.10	27.6923
77.15	30
77.20	20.7692
77.25	35.2941
77.30	46.1539
77.35	32.3077
77.40	39.2308
77.45	30
77.50	18.4615
77.55	23.5294
77.60	20.7692
77.65	43.8462
77.70	32.9412
77.75	25.3846
77.80	25.3846
77.85	23.5294
77.90	27.6923
77.95	30
78.00	20.7692
78.05	33.9623
78.10	39.2308
78.15	27.6923
78.20	44.7059
78.25	23.0769
78.30	32.3077
78.35	21.1765
78.40	20.7692
78.45	21.1765
78.50	23.0769
78.55	35.2941
78.60	23.0769
78.65	34.6154
78.70	21.1765
78.75	60
78.80	20.7692
78.85	30
78.90	34.6154
78.95	32.3077
79.00	36.9231
79.05	18.4615
79.10	41.5385
79.15	37.6471
79.20	46.1539
79.25	18.4615
79.30	34.6154
79.35	36.9231
79.40	21.1765
79.45	27.6923
79.50	30.5882
79.55	27.6923
79.60	25.3846
79.65	16.1538
79.70	32.3077
79.75	37.6471
79.80	25.3846
79.85	31.6981
79.90	25.8824
79.95	39.2308
80.00	18.4615
80.05	21.1765
80.10	34.6154
80.15	23.0769
80.20	37.6471
80.25	27.6923
80.30	20.7692
80.35	40
80.40	32.3077
80.45	38.4906
80.50	48.4615
80.55	34.6154
80.60	23.0769
80.65	27.6923
80.70	36.9231
80.75	20.7692
80.80	35.2941
80.85	23.0769
80.90	18.8235
80.95	25.3846
81.00	25.8824
81.05	23.0769
81.10	25.3846
81.15	27.6923
81.20	37.6471
81.25	25.3846
81.30	36.9231
81.35	36.2264
81.40	20.7692
81.45	16.4706
81.50	36.9231
81.55	23.0769
81.60	39.2308
81.65	32.9412
81.70	29.434
81.75	32.3077
81.80	21.1765
81.85	23.0769
81.90	27.6923
81.95	25.8824
82.00	25.3846
82.05	16.1538
82.10	23.0769
82.15	48.4615
82.20	23.5294
82.25	9.23077
82.30	31.6981
82.35	27.6923
82.40	30.5882
82.45	23.0769
82.50	18.4615
82.55	56.4706
82.60	34.6154
82.65	25.3846
82.70	18.8235
82.75	36.9231
82.80	16.1538
82.85	16.4706
82.90	31.6981
82.95	16.1538
83.00	34.6154
83.05	29.434
83.10	32.3077
83.15	25.3846
83.20	35.2941
83.25	16.1538
83.30	21.1765
83.35	25.3846
83.40	18.4615
83.45	30.5882
83.50	20.7692
83.55	21.1765
83.60	18.4615
83.65	34.6154
83.70	18.4615
83.75	16.1538
83.80	34.6154
83.85	23.0769
83.90	27.6923
83.95	27.6923
84.00	13.8462
84.05	30
84.10	16.4706
84.15	39.2308
84.20	27.6923
84.25	27.6923
84.30	39.2308
84.35	18.4615
84.40	20.7692
84.45	30.5882
84.50	36.9231
84.55	16.1538
84.60	36.9231
84.65	13.8462
84.70	27.6923
84.75	30
84.80	32.3077
84.85	36.9231
84.90	23.5294
84.95	30
85.00	27.6923
85.05	23.5294
85.10	9.23077
85.15	18.4615
85.20	28.2353
85.25	13.8462
85.30	27.6923
85.35	13.8462
85.40	13.8462
85.45	27.1698
85.50	32.3077
85.55	25.3846
85.60	20.7692
85.65	25.3846
85.70	28.2353
85.75	20.7692
85.80	16.1538
85.85	28.2353
85.90	32.3077
85.95	35.2941
86.00	25.3846
86.05	16.1538
86.10	27.6923
86.15	20.7692
86.20	30
86.25	43.8462
86.30	20.7692
86.35	39.2308
86.40	32.3077
86.45	20.7692
86.50	35.2941
86.55	36.9231
86.60	32.3077
86.65	25.3846
86.70	16.1538
86.75	11.5385
86.80	40
86.85	38.4906
86.90	25.8824
86.95	23.0769
87.00	18.4615
87.05	13.8462
87.10	16.1538
87.15	30
87.20	27.6923
87.25	23.0769
87.30	25.3846
87.35	21.1765
87.40	23.0769
87.45	34.6154
87.50	23.0769
87.55	20.7692
87.60	11.7647
87.65	11.5385
87.70	25.8824
87.75	34.6154
87.80	20.3774
87.85	18.4615
87.90	16.1538
87.95	20.7692
88.00	23.0769
88.05	29.434
88.10	23.0769
88.15	28.2353
88.20	30
88.25	21.1765
88.30	20.7692
88.35	20.7692
88.40	28.2353
88.45	25.3846
88.50	25.3846
88.55	35.2941
88.60	30
88.65	22.6415
88.70	34.6154
88.75	23.0769
88.80	27.6923
88.85	25.3846
88.90	20.7692
88.95	28.2353
89.00	30
89.05	25.3846
89.10	32.3077
89.15	9.23077
89.20	40
89.25	20.7692
89.30	25.3846
89.35	23.0769
89.40	18.4615
89.45	30
89.50	25.3846
89.55	39.2308
89.60	30
89.65	39.2308
89.70	37.6471
89.75	41.5385
89.80	30
89.85	23.0769
89.90	30.5882
89.95	23.0769
90.00	30
90.05	30
90.10	18.8235
90.15	25.3846
90.20	41.5385
90.25	23.0769
90.30	23.0769
90.35	46.1539
90.40	27.6923
90.45	36.2264
90.50	27.6923
90.55	20.7692
90.60	16.1538
90.65	21.1765
90.70	23.0769
90.75	13.8462
90.80	36.9231
90.85	23.5294
90.90	35.2941
90.95	25.3846
91.00	27.6923
91.05	25.3846
91.10	32.3077
91.15	27.6923
91.20	13.8462
91.25	27.6923
91.30	20.7692
91.35	23.0769
91.40	34.6154
91.45	20.7692
91.50	30.5882
91.55	27.6923
91.60	20.7692
91.65	34.6154
91.70	39.2308
91.75	41.5385
91.80	25.3846
91.85	36.9231
91.90	23.0769
91.95	20.7692
92.00	32.3077
92.05	46.1539
92.10	25.3846
92.15	25.3846
92.20	16.1538
92.25	28.2353
92.30	18.4615
92.35	43.8462
92.40	16.1538
92.45	41.5385
92.50	25.8824
92.55	36.9231
92.60	39.2308
92.65	47.0588
92.70	38.4906
92.75	34.6154
92.80	41.5385
92.85	39.2308
92.90	36.2264
92.95	43.8462
93.00	60
93.05	53.0769
93.10	47.0588
93.15	66.9231
93.20	50.7692
93.25	57.6923
93.30	70.5882
93.35	50.7692
93.40	68.2353
93.45	83.0769
93.50	85.3846
93.55	80.7692
93.60	99.6227
93.65	94.6154
93.70	73.8462
93.75	87.6923
93.80	94.6154
93.85	108.462
93.90	110.588
93.95	92.3077
94.00	101.538
94.05	96.9231
94.10	78.4615
94.15	99.2308
94.20	101.176
94.25	66.9231
94.30	92.3077
94.35	120
94.40	95.0943
94.45	90
94.50	106.154
94.55	105.882
94.60	78.4615
94.65	80.7692
94.70	101.538
94.75	115.294
94.80	108.462
94.85	80.7692
94.90	87.6923
94.95	89.4118
95.00	108.462
95.05	73.8462
95.10	83.0769
95.15	87.0588
95.20	83.7736
95.25	122.308
95.30	94.6154
95.35	83.0769
95.40	78.4615
95.45	106.415
95.50	83.0769
95.55	101.176
95.60	78.4615
95.65	108.462
95.70	101.538
95.75	82.3529
95.80	94.6154
95.85	96.4706
95.90	83.0769
95.95	82.3529
96.00	101.887
96.05	92.3077
96.10	113.077
96.15	126.923
96.20	101.538
96.25	94.6154
96.30	108.462
96.35	87.6923
96.40	80
96.45	92.3077
96.50	103.846
96.55	94.6154
96.60	-999
96.65	96.9231
96.70	101.176
96.75	133.846
96.80	88.3019
96.85	92.3077
96.90	99.2308
96.95	92.3077
97.00	106.154
97.05	99.2308
97.10	113.077
97.15	75.2941
97.20	103.846
97.25	96.9231
97.30	110.769
97.35	103.529
97.40	108.462
97.45	73.8462
97.50	91.7647
97.55	117.692
97.60	80.7692
97.65	92.3077
97.70	101.538
97.75	106.154
97.80	110.769
97.85	86.0378
97.90	94.6154
97.95	101.538
98.00	96.9231
98.05	78.4615
98.10	101.538
98.15	91.7647
98.20	131.538
98.25	83.0769
98.30	103.529
98.35	96.9231
98.40	101.176
98.45	115.385
98.50	86.0378
98.55	87.6923
98.60	94.6154
98.65	80.7692
98.70	99.2308
98.75	101.538
98.80	106.154
98.85	110.588
98.90	96.9231
98.95	96.9231
99.00	78.4615
99.05	101.538
99.10	98.8235
99.15	99.2308
99.20	94.6154
99.25	101.538
99.30	90.566
99.35	87.6923
99.40	99.2308
99.45	103.846
99.50	106.154
99.55	99.2308
99.60	85.3846
99.65	112.941
99.70	78.4615
99.75	106.154
99.80	115.385
99.85	136.471
99.90	101.538
99.95	83.0769
100.00	112.941
100.05	90
100.10	110.769
100.15	113.077
100.20	83.0769
100.25	99.6227
100.30	126.923
100.35	115.385
100.40	57.6923
100.45	126.923
100.50	96.9231
100.55	92.3077
100.60	83.0769
100.65	110.769
100.70	91.7647
100.75	75.2941
100.80	110.769
100.85	103.846
100.90	117.692
100.95	90
101.00	96.9231
101.05	101.538
101.10	53.0769
101.15	108.462
101.20	87.6923
101.25	92.3077
101.30	94.6154
101.35	82.3529
101.40	92.3077
101.45	90
101.50	101.538
101.55	110.588
101.60	71.5385
101.65	120
101.70	120
101.75	90.566
101.80	96.9231
101.85	87.6923
101.90	117.692
101.95	117.692
102.00	73.8462
102.05	129.231
102.10	94.1177
102.15	105.882
102.20	110.769
102.25	117.692
102.30	120
102.35	85.3846
102.40	105.882
102.45	94.6154
102.50	115.385
102.55	83.0769
102.60	66.9231
102.65	80.7692
102.70	103.846
102.75	92.3077
102.80	103.846
102.85	110.769
102.90	96.9231
102.95	99.2308
103.00	101.538
103.05	113.077
103.10	103.846
103.15	101.176
103.20	92.3077
103.25	115.294
103.30	106.154
103.35	117.647
103.40	95.0943
103.45	108.235
103.50	124.528
103.55	120
103.60	85.3846
103.65	101.538
103.70	92.3077
103.75	94.1177
103.80	113.077
103.85	99.2308
103.90	117.692
103.95	70.5882
104.00	152.308
104.05	105.882
104.10	87.6923
104.15	101.538
104.20	101.887
104.25	106.154
104.30	94.6154
104.35	94.6154
104.40	96.9231
104.45	99.2308
104.50	96.9231
104.55	103.529
104.60	91.7647
104.65	76.1539
104.70	103.846
104.75	96.9231
104.80	120
104.85	117.647
104.90	112.941
104.95	110.769
105.00	108.462
105.05	103.846
105.10	108.679
105.15	131.538
105.20	80
105.25	90
105.30	115.385
105.35	83.0769
105.40	99.2308
105.45	78.4615
105.50	94.6154
105.55	122.308
105.60	115.385
105.65	98.8235
105.70	80
105.75	96.9231
105.80	115.385
105.85	106.154
105.90	120
105.95	106.154
106.00	94.6154
106.05	106.154
106.10	94.6154
106.15	103.846
106.20	108.462
106.25	75.2941
106.30	120
106.35	124.615
106.40	103.846
106.45	96.4706
106.50	92.3077
106.55	101.176
106.60	66.9231
106.65	120
106.70	97.3585
106.75	115.385
106.80	129.231
106.85	98.8235
106.90	110.769
106.95	124.615
107.00	92.3077
107.05	105.882
107.10	101.176
107.15	94.6154
107.20	108.462
107.25	108.462
107.30	115.294
107.35	87.6923
107.40	96.4706
107.45	110.769
107.50	113.077
107.55	80.7692
107.60	101.538
107.65	140.769
107.70	129.412
107.75	103.846
107.80	108.462
107.85	83.0769
107.90	94.6154
107.95	110.769
108.00	110.769
108.05	106.154
108.10	80
108.15	143.077
108.20	89.4118
108.25	127.059
108.30	126.923
108.35	108.462
108.40	127.059
108.45	92.3077
108.50	103.846
108.55	115.385
108.60	101.538
108.65	99.2308
108.70	94.1177
108.75	122.308
108.80	101.538
108.85	129.412
108.90	101.538
108.95	96.4706
109.00	94.6154
109.05	91.7647
109.10	99.2308
109.15	115.385
109.20	120
109.25	113.077
109.30	83.0769
109.35	94.6154
109.40	122.308
109.45	122.308
109.50	113.077
109.55	101.176
109.60	152.941
109.65	108.462
109.70	83.0769
109.75	113.077
109.80	101.176
109.85	112.941
109.90	96.9231
109.95	99.2308
110.00	106.154
110.05	90
110.10	103.529
110.15	96.9231
110.20	87.6923
110.25	85.3846
110.30	103.846
110.35	129.412
110.40	110.769
110.45	110.769
110.50	101.538
110.55	108.462
110.60	76.1539
110.65	91.7647
110.70	75.2941
110.75	113.077
110.80	115.385
110.85	61.1765
110.90	101.538
110.95	113.077
111.00	122.308
111.05	96.4706
111.10	103.846
111.15	101.538
111.20	68.2353
111.25	85.3846
111.30	117.692
111.35	113.077
111.40	113.077
111.45	103.529
111.50	89.4118
111.55	110.769
111.60	117.692
111.65	103.846
111.70	76.1539
111.75	80.7692
111.80	110.943
111.85	120
111.90	87.6923
111.95	101.538
112.00	115.294
112.05	88.8
112.10	108.235
112.15	96.4706
112.20	105.882
112.25	129.231
112.30	105.882
112.35	87.0588
112.40	89.4118
112.45	141.176
112.50	87.0588
112.55	101.176
112.60	96.4706
112.65	89.4118
112.70	87.0588
112.75	115.294
112.80	87.0588
112.85	124.615
112.90	131.538
112.95	108.679
113.00	113.077
113.05	122.308
113.10	85.3846
113.15	113.077
113.20	96.4706
113.25	141.176
113.30	108.462
113.35	110.769
113.40	117.692
113.45	126.923
113.50	133.846
113.55	103.846
113.60	113.077
113.65	117.692
113.70	98.8235
113.75	122.353
113.80	92.3077
113.85	108.235
113.90	101.176
113.95	103.846
114.00	108.462
114.05	70.5882
114.10	117.647
114.15	92.3077
114.20	113.077
114.25	129.057
114.30	96.9231
114.35	117.692
114.40	83.0769
114.45	108.235
114.50	110.769
114.55	96.4706
114.60	117.692
114.65	90
114.70	113.077
114.75	101.887
114.80	101.176
114.85	113.077
114.90	94.6154
114.95	129.231
115.00	94.6154
115.05	115.385
115.10	94.6154
115.15	90
115.20	110.769
115.25	96.4706
115.30	94.6154
115.35	124.615
115.40	86.0378
115.45	120
115.50	138.824
115.55	96.4706
115.60	91.7647
115.65	92.3077
115.70	92.3077
115.75	106.415
115.80	76.9811
115.85	92.8302
115.90	106.154
115.95	92.8302
116.00	100
116.05	79.2453
116.10	113.208
116.15	124.528
116.20	97.3585
116.25	70.1887
116.30	83.0769
116.35	122.308
116.40	74.717
116.45	108.679
116.50	103.846
116.55	115.472
116.60	90.566
116.65	102.222
116.70	110.943
116.75	95.0943
116.80	102.222
116.85	101.538
116.90	90.566
116.95	92.3077
117.00	92.8302
117.05	86.0378
117.10	115.472
117.15	101.887
117.20	86.0378
117.25	87.6923
117.30	104.151
117.35	88.8889
117.40	117.818
117.45	82.2222
117.50	104.444
117.55	113.333
117.60	97.7778
117.65	91.1111
117.70	133.091
117.75	88.3019
117.80	106.667
117.85	124.528
117.90	95.5556
117.95	99.6227
118.00	120
118.05	100
118.10	84.4445
118.15	108.889
118.20	91.1111
118.25	146.667
118.30	120
118.35	117.778
118.40	126.667
118.45	96
118.50	120
118.55	79.2453
118.60	98.1818
118.65	86.6667
118.70	100.364
118.75	124.444
118.80	106.909
118.85	76.9811
118.90	106.415
118.95	113.208
119.00	126.792
119.05	124.444
119.10	97.3585
119.15	106.415
119.20	104.151
119.25	110.943
119.30	108.679
119.35	95.0943
119.40	113.208
119.45	117.736
119.50	106.415
119.55	88.3019
119.60	101.538
119.65	63.3962
119.70	91.7647
119.75	115.385
119.80	94.6154
119.85	76.1539
119.90	78.4615
119.95	99.2308
120.00	110.769
120.05	85.3846
120.10	106.154
120.15	85.3846
120.20	90
120.25	85.3846
120.30	99.2308
120.35	86.0378
120.40	124.615
120.45	99.2308
120.50	87.6923
120.55	110.943
120.60	108.679
120.65	67.9245
120.70	85.3846
120.75	83.7736
120.80	76.9811
120.85	49.8113
120.90	74.717
120.95	76.1539
121.00	63.3962
121.05	72.4528
121.10	65.6604
121.15	67.9245
121.20	83.0769
121.25	60
121.30	45.283
121.35	52.0755
121.40	49.8113
121.45	31.1111
121.50	49.8113
121.55	33.9623
121.60	36.2264
121.65	37.7778
121.70	39.2308
121.75	40.7547
121.80	36.9231
121.85	24.9057
121.90	15.8491
121.95	46.1539
122.00	27.1698
122.05	20.7692
122.10	29.434
122.15	33.9623
122.20	38.4906
122.25	31.6981
122.30	27.1698
122.35	33.9623
122.40	33.9623
122.45	31.6981
122.50	33.9623
122.55	27.1698
122.60	27.1698
122.65	13.5849
122.70	29.434
122.75	40.7547
122.80	31.6981
122.85	32.3077
122.90	27.6923
122.95	24.4444
123.00	33.9623
123.05	70.1887
123.10	27.1698
123.15	23.0769
123.20	29.434
123.25	31.6981
123.30	20.3774
123.35	27.1698
123.40	43.0189
123.45	27.1698
123.50	31.6981
123.55	33.9623
123.60	36.9231
123.65	38.4906
123.70	23.0769
123.75	29.434
123.80	31.6981
123.85	47.5472
123.90	45.283
123.95	26.6667
124.00	24.9057
124.05	22.6415
124.10	26.6667
124.15	27.6923
124.20	40.7547
124.25	43.0189
124.30	31.6981
124.35	32.3077
124.40	43.0189
124.45	18.4615
124.50	32.3077
124.55	31.6981
124.60	31.6981
124.65	26.6667
124.70	22.6415
124.75	33.9623
124.80	27.1698
124.85	24.9057
124.90	38.4906
124.95	27.1698
125.00	27.6923
125.05	35.5556
125.10	31.6981
125.15	29.434
125.20	20.7692
125.25	11.3208
125.30	24.9057
125.35	29.434
125.40	22.6415
125.45	27.1698
125.50	49.8113
125.55	29.434
125.60	30
125.65	22.6415
125.70	45.283
125.75	20.3774
125.80	20.3774
125.85	24.9057
125.90	36.2264
125.95	29.434
126.00	32.3077
126.05	31.6981
126.10	32.3077
126.15	13.5849
126.20	13.5849
126.25	22.6415
126.30	22.2222
126.35	11.3208
126.40	22.6415
126.45	33.9623
126.50	35.5556
126.55	43.0189
126.60	34.6154
126.65	33.9623
126.70	33.9623
126.75	29.434
126.80	25.3846
126.85	31.6981
126.90	23.0769
126.95	31.6981
127.00	27.1698
127.05	28.8889
127.10	20.3774
127.15	29.434
127.20	43.0189
127.25	24.9057
127.30	29.434
127.35	31.6981
127.40	29.434
127.45	30
127.50	20
127.55	13.8462
127.60	24.9057
127.65	31.6981
127.70	27.1698
127.75	24.9057
127.80	36.2264
127.85	22.6415
127.90	18.1132
127.95	36.2264
128.00	27.1698
128.05	40.7547
128.10	24.9057
128.15	31.6981
128.20	25.3846
128.25	29.434
128.30	36.2264
128.35	11.3208
128.40	20.3774
128.45	36.2264
128.50	18.4615
128.55	27.1698
128.60	31.6981
128.65	38.4906
128.70	17.7778
128.75	29.434
128.80	38.4906
128.85	27.1698
128.90	24.9057
128.95	54.3396
129.00	18.1132
129.05	22.6415
129.10	38.4906
129.15	20.3774
129.20	24.9057
129.25	34.6154
129.30	16.1538
129.35	43.0189
129.40	24.9057
129.45	24.4444
129.50	31.6981
129.55	31.6981
129.60	22.6415
129.65	24.9057
129.70	27.1698
129.75	11.3208
129.80	22.6415
129.85	20.3774
129.90	22.6415
129.95	22.6415
130.00	22.6415
130.05	27.1698
130.10	16.1538
130.15	20.3774
130.20	33.3333
130.25	31.6981
130.30	31.6981
130.35	22.6415
130.40	20.3774
130.45	33.9623
130.50	31.6981
130.55	33.9623
130.60	36.2264
130.65	29.434
130.70	27.1698
130.75	27.1698
130.80	15.8491
130.85	27.6923
130.90	24.9057
130.95	22.6415
131.00	31.6981
131.05	18.1132
131.10	20.3774
131.15	24.9057
131.20	18.1132
131.25	40
131.30	20.3774
131.35	31.6981
131.40	31.1111
131.45	48.4615
131.50	29.434
131.55	31.6981
131.60	36.2264
131.65	23.0769
131.70	24.9057
131.75	20.3774
131.80	36.2264
131.85	20.3774
131.90	33.9623
131.95	15.5556
132.00	38.4906
132.05	18.1132
132.10	20.3774
132.15	24.9057
132.20	27.1698
132.25	13.5849
132.30	31.6981
132.35	36.2264
132.40	27.1698
132.45	13.8462
132.50	27.1698
132.55	18.1132
132.60	22.2222
132.65	22.6415
132.70	29.434
132.75	28.8889
132.80	27.1698
132.85	38.4906
132.90	33.9623
132.95	13.5849
133.00	18.4615
133.05	40.7547
133.10	44.4445
133.15	11.5385
133.20	29.434
133.25	18.1132
133.30	34.6154
133.35	33.9623
133.40	20
133.45	33.9623
133.50	33.9623
133.55	20.3774
133.60	18.1132
133.65	33.9623
133.70	17.7778
133.75	38.4906
133.80	33.9623
133.85	13.5849
133.90	13.5849
133.95	27.1698
134.00	24.9057
134.05	22.6415
134.10	25.3846
134.15	27.1698
134.20	13.5849
134.25	31.6981
134.30	24.9057
134.35	42.2222
134.40	20.3774
134.45	36.2264
134.50	36.2264
134.55	28.8889
134.60	31.6981
134.65	18.4615
134.70	13.5849
134.75	15.8491
134.80	13.5849
134.85	33.9623
134.90	25.3846
134.95	37.7778
135.00	31.6981
135.05	27.1698
135.10	31.1111
135.15	15.8491
135.20	27.1698
135.25	20.3774
135.30	18.1132
135.35	22.6415
135.40	31.6981
135.45	15.8491
135.50	27.1698
135.55	20.3774
135.60	11.3208
135.65	20.7692
135.70	29.434
135.75	20.3774
135.80	22.6415
135.85	15.5556
135.90	18.1132
135.95	27.1698
136.00	24.9057
136.05	27.1698
136.10	20
136.15	31.6981
136.20	18.1132
136.25	24.9057
136.30	22.2222
136.35	15.8491
136.40	9.23077
136.45	22.6415
136.50	13.5849
136.55	25.3846
136.60	24.9057
136.65	31.6981
136.70	20
136.75	24.9057
136.80	33.9623
136.85	27.1698
136.90	27.1698
136.95	24.4444
137.00	24.9057
137.05	29.434
137.10	23.0769
137.15	13.5849
137.20	24.9057
137.25	47.5472
137.30	27.1698
137.35	31.6981
137.40	29.434
137.45	17.7778
137.50	36.2264
137.55	24.4444
137.60	29.434
137.65	29.434
137.70	29.434
137.75	29.434
137.80	11.3208
137.85	27.1698
137.90	36.9231
137.95	33.3333
138.00	29.434
138.05	23.0769
138.10	33.9623
138.15	45.283
138.20	36.2264
138.25	29.434
138.30	17.7778
138.35	31.6981
138.40	38.4906
138.45	33.9623
138.50	20
138.55	9.0566
138.60	24.9057
138.65	31.6981
138.70	43.0189
138.75	42.2222
138.80	24.9057
138.85	25.3846
138.90	38.4906
138.95	27.1698
139.00	20.7692
139.05	38.4906
139.10	22.2222
139.15	40.7547
139.20	33.9623
139.25	27.1698
139.30	22.2222
139.35	22.6415
139.40	20.3774
139.45	24.9057
139.50	27.1698
139.55	27.1698
139.60	13.5849
139.65	23.0769
139.70	27.1698
139.75	33.9623
139.80	20.3774
139.85	28.8889
139.90	22.6415
139.95	31.1111
140.00	22.6415
140.05	36.2264
140.10	27.1698
140.15	40
140.20	33.9623
140.25	32.3077
140.30	33.9623
140.35	27.1698
140.40	18.1132
140.45	18.1132
140.50	18.1132
140.55	27.1698
140.60	24.9057
140.65	31.6981
140.70	18.1132
140.75	48.8889
140.80	33.9623
140.85	9.0566
140.90	13.5849
140.95	42.2222
141.00	27.1698
141.05	45.283
141.10	24.9057
141.15	31.1111
141.20	22.6415
141.25	30
141.30	29.434
141.35	36.2264
141.40	29.434
141.45	29.434
141.50	31.6981
141.55	45.283
141.60	20.3774
141.65	28.8889
141.70	11.3208
141.75	20.3774
141.80	11.1111
141.85	18.4615
141.90	29.434
141.95	29.434
142.00	27.1698
142.05	29.434
142.10	31.6981
142.15	9.0566
142.20	27.1698
142.25	22.6415
142.30	31.1111
142.35	33.9623
142.40	15.5556
142.45	24.9057
142.50	9.0566
142.55	24.9057
142.60	20
142.65	27.6923
142.70	20.3774
142.75	18.1132
142.80	20.3774
142.85	22.6415
142.90	31.6981
142.95	25.3846
143.00	15.5556
143.05	33.9623
143.10	20.3774
143.15	43.0189
143.20	36.2264
143.25	15.5556
143.30	22.6415
143.35	20.3774
143.40	27.1698
143.45	28.8889
143.50	27.1698
143.55	15.8491
143.60	20.3774
143.65	20.3774
143.70	40.7547
143.75	18.1132
143.80	18.1132
143.85	20.7692
143.90	37.7778
143.95	22.6415
144.00	29.434
144.05	15.8491
144.10	37.7778
144.15	22.6415
144.20	31.6981
144.25	24.9057
144.30	24.9057
144.35	15.8491
144.40	36.2264
144.45	20.3774
144.50	9.0566
144.55	25.3846
144.60	17.7778
144.65	18.1132
144.70	13.5849
144.75	24.4444
144.80	28.8889
144.85	27.1698
144.90	20.3774
144.95	15.8491
145.00	31.1111
145.05	16.1538
145.10	29.434
145.15	20.3774
145.20	29.434
145.25	47.5472
145.30	18.1132
145.35	20.3774
145.40	24.9057
145.45	27.1698
145.50	22.6415
145.55	24.9057
145.60	6.66667
145.65	40.7547
145.70	22.6415
145.75	27.1698
145.80	26.6667
145.85	27.1698
145.90	22.6415
145.95	20.3774
146.00	37.7778
146.05	29.434
146.10	18.1132
146.15	39.2308
146.20	24.9057
146.25	31.6981
146.30	24.9057
146.35	40
146.40	22.6415
146.45	22.6415
146.50	20.3774
146.55	37.7778
146.60	22.6415
146.65	27.1698
146.70	24.9057
146.75	27.1698
146.80	33.9623
146.85	18.1132
146.90	20.3774
146.95	33.9623
147.00	38.4906
147.05	29.434
147.10	38.4906
147.15	24.4444
147.20	18.1132
147.25	24.4444
147.30	31.6981
147.35	31.6981
147.40	20
147.45	24.9057
147.50	31.6981
147.55	30
147.60	15.8491
147.65	20.3774
147.70	22.6415
147.75	27.1698
147.80	27.1698
147.85	29.434
147.90	18.1132
147.95	24.4444
148.00	18.1132
148.05	20.3774
148.10	38.4906
148.15	22.2222
148.20	11.3208
148.25	33.9623
148.30	33.9623
148.35	36.2264
148.40	24.4444
148.45	13.5849
148.50	22.6415
148.55	33.9623
148.60	27.1698
148.65	31.6981
148.70	11.3208
148.75	47.5472
148.80	27.1698
148.85	31.6981
148.90	20
148.95	33.9623
149.00	27.1698
149.05	15.8491
149.10	22.6415
149.15	37.7778
149.20	33.9623
149.25	6.79245
149.30	13.8462
149.35	27.1698
149.40	27.1698
149.45	43.0189
149.50	28.8889
149.55	31.6981
149.60	20
149.65	24.9057
149.70	24.4444
149.75	29.434
149.80	24.4444
149.85	45.283
149.90	23.0769
149.95	35.5556
150.00	27.1698
