Depth	Temperature
m	ºC
2.13	11.2823
2.18	11.2819
2.23	11.2822
2.28	11.2838
2.33	11.2841
2.38	11.2893
2.43	11.2854
2.48	11.2851
2.53	11.284
2.58	11.2835
2.63	11.2824
2.68	11.281
2.73	11.2815
2.78	11.2811
2.83	11.2814
2.88	11.281
2.93	11.2818
2.98	11.2825
3.03	11.2846
3.08	11.2955
3.13	11.2942
3.18	11.2919
3.23	11.292
3.28	11.2929
3.33	11.294
3.38	11.2953
3.43	11.2962
3.48	11.2989
3.53	11.3007
3.58	11.3023
3.63	11.3045
3.68	11.3065
3.73	11.308
3.78	11.3096
3.83	11.3123
3.88	11.3155
3.93	11.3186
3.98	11.3216
4.03	11.3255
4.08	11.3276
4.13	11.3303
4.18	11.3332
4.23	11.3357
4.28	11.3386
4.33	11.3404
4.38	11.3433
4.43	12.5841
4.48	13.3101
4.53	13.4877
4.58	13.6793
4.63	13.76
4.68	13.8026
4.73	13.8683
4.78	13.9083
4.83	13.9267
4.88	13.9629
4.93	13.9879
4.98	14.0048
5.03	14.0345
5.08	14.0539
5.13	14.0682
5.18	14.0878
5.23	14.1071
5.28	14.1174
5.33	14.1299
5.38	14.1424
5.43	14.1456
5.48	14.1497
5.53	14.1549
5.58	14.1596
5.63	14.1667
5.68	14.1771
5.73	14.1799
5.78	14.1833
5.83	14.1861
5.88	14.1905
5.93	14.191
5.98	14.1885
6.03	14.1877
6.08	14.1905
6.13	14.1916
6.18	14.1926
6.23	14.1987
6.28	14.2058
6.33	14.2119
6.38	14.2229
6.43	14.2318
6.48	14.2357
6.53	14.238
6.58	14.2417
6.63	14.245
6.68	14.246
6.73	14.2481
6.78	14.2507
6.83	14.2516
6.88	14.2541
6.93	14.2589
6.98	14.2609
7.03	14.2659
7.08	14.2725
7.13	14.2782
7.18	14.2775
7.23	14.2766
7.28	14.2765
7.33	14.2774
7.38	14.2782
7.43	14.2812
7.48	14.2862
7.53	14.2918
7.58	14.2922
7.63	14.2955
7.68	14.3028
7.73	14.3087
7.78	14.3138
7.83	14.3173
7.88	14.3187
7.93	14.3202
7.98	14.3212
8.03	14.3208
8.08	14.3237
8.13	14.3313
8.18	14.3432
8.23	14.3531
8.28	14.3608
8.33	14.3673
8.38	14.3694
8.43	14.3731
8.48	14.3752
8.53	14.376
8.58	14.377
8.63	14.3796
8.68	14.3799
8.73	14.3822
8.78	14.3848
8.83	14.3887
8.88	14.3917
8.93	14.3941
8.98	14.3978
9.03	14.3996
9.08	14.4001
9.13	14.4018
9.18	14.4062
9.23	14.4109
9.28	14.4159
9.33	14.4297
9.38	14.4414
9.43	14.4491
9.48	14.455
9.53	14.46
9.58	14.462
9.63	14.4635
9.68	14.4653
9.73	14.4656
9.78	14.4644
9.83	14.4633
9.88	14.462
9.93	14.4607
9.98	14.4608
10.03	14.4688
10.08	14.4717
10.13	14.4727
10.18	14.4739
10.23	14.4731
10.28	14.4721
10.33	14.4728
10.38	14.4739
10.43	14.4765
10.48	14.4801
10.53	14.4822
10.58	14.4832
10.63	14.4868
10.68	14.4964
10.73	14.5028
10.78	14.5076
10.83	14.5125
10.88	14.5178
10.93	14.5221
10.98	14.5245
11.03	14.5272
11.08	14.5293
11.13	14.5309
11.18	14.5324
11.23	14.535
11.28	14.5378
11.33	14.5403
11.38	14.5421
11.43	14.5431
11.48	14.5445
11.53	14.5446
11.58	14.544
11.63	14.5431
11.68	14.5427
11.73	14.5428
11.78	14.5431
11.83	14.5434
11.88	14.5472
11.93	14.5508
11.98	14.5555
12.03	14.5596
12.08	14.5635
12.13	14.5663
12.18	14.5661
12.23	14.5668
12.28	14.5668
12.33	14.5662
12.38	14.5647
12.43	14.5623
12.48	14.5596
12.53	14.5564
12.58	14.5542
12.63	14.5548
12.68	14.5597
12.73	14.5658
12.78	14.5685
12.83	14.5725
12.88	14.5774
12.93	14.579
12.98	14.579
13.03	14.5804
13.08	14.5826
13.13	14.5833
13.18	14.5846
13.23	14.5853
13.28	14.5899
13.33	14.5977
13.38	14.6037
13.43	14.6086
13.48	14.606
13.53	14.6077
13.58	14.614
13.63	14.6112
13.68	14.6102
13.73	14.6119
13.78	14.6202
13.83	14.6191
13.88	14.6201
13.93	14.6216
13.98	14.6215
14.03	14.6223
14.08	14.6276
14.13	14.6244
14.18	14.6274
14.23	14.6308
14.28	14.6327
14.33	14.6358
14.38	14.6387
14.43	14.6411
14.48	14.6434
14.53	14.6464
14.58	14.648
14.63	14.6514
14.68	14.6535
14.73	14.6591
14.78	14.665
14.83	14.6685
14.88	14.6716
14.93	14.674
14.98	14.6763
15.03	14.6779
15.08	14.6792
15.13	14.6811
15.18	14.6815
15.23	14.6818
15.28	14.6813
15.33	14.681
15.38	14.6811
15.43	14.6827
15.48	14.6835
15.53	14.6843
15.58	14.6849
15.63	14.6853
15.68	14.6872
15.73	14.688
15.78	14.689
15.83	14.6934
15.88	14.6991
15.93	14.7058
15.98	14.7089
16.03	14.7145
16.08	14.7207
16.13	14.7247
16.18	14.7277
16.23	14.7306
16.28	14.7335
16.33	14.7368
16.38	14.742
16.43	14.7434
16.48	14.7418
16.53	14.7418
16.58	14.7413
16.63	14.7402
16.68	14.7419
16.73	14.7466
16.78	14.754
16.83	14.7587
16.88	14.7601
16.93	14.7625
16.98	14.765
17.03	14.7667
17.08	14.7685
17.13	14.769
17.18	14.7692
17.23	14.7673
17.28	14.7662
17.33	14.7648
17.38	14.7647
17.43	14.7656
17.48	14.7672
17.53	14.7695
17.58	14.7692
17.63	14.7734
17.68	14.7757
17.73	14.7802
17.78	14.7855
17.83	14.7894
17.88	14.7913
17.93	14.7935
17.98	14.7947
18.03	14.7964
18.08	14.796
18.13	14.7957
18.18	14.7973
18.23	14.7994
18.28	14.8007
18.33	14.8007
18.38	14.8
18.43	14.8001
18.48	14.8011
18.53	14.8007
18.58	14.8025
18.63	14.8044
18.68	14.8075
18.73	14.8112
18.78	14.8166
18.83	14.82
18.88	14.8225
18.93	14.8235
18.98	14.8277
19.03	14.8332
19.08	14.8389
19.13	14.839
19.18	14.8401
19.23	14.8438
19.28	14.8488
19.33	14.8541
19.38	14.8538
19.43	14.8545
19.48	14.8558
19.53	14.8589
19.58	14.8625
19.63	14.8664
19.68	14.8711
19.73	14.8755
19.78	14.8796
19.83	14.8811
19.88	14.8819
19.93	14.8812
19.98	14.882
20.03	14.882
20.08	14.8828
20.13	14.8858
20.18	14.8884
20.23	14.8878
20.28	14.8866
20.33	14.8889
20.38	14.8904
20.43	14.8901
20.48	14.8882
20.53	14.887
20.58	14.8863
20.63	14.8855
20.68	14.8847
20.73	14.8854
20.78	14.8849
20.83	14.8852
20.88	14.8858
20.93	14.8848
20.98	14.8851
21.03	14.8857
21.08	14.886
21.13	14.8866
21.18	14.8871
21.23	14.8879
21.28	14.8883
21.33	14.8882
21.38	14.8883
21.43	14.8906
21.48	14.8933
21.53	14.8942
21.58	14.8944
21.63	14.8957
21.68	14.897
21.73	14.8986
21.78	14.9008
21.83	14.9042
21.88	14.905
21.93	14.9042
21.98	14.903
22.03	14.9038
22.08	14.9051
22.13	14.9059
22.18	14.9061
22.23	14.9062
22.28	14.9091
22.33	14.9166
22.38	14.9233
22.43	14.9288
22.48	14.9337
22.53	14.9394
22.58	14.9461
22.63	14.9528
22.68	14.9578
22.73	14.961
22.78	14.9635
22.83	14.9655
22.88	14.967
22.93	14.9681
22.98	14.9696
23.03	14.9696
23.08	14.9697
23.13	14.9698
23.18	14.9707
23.23	14.971
23.28	14.9727
23.33	14.9746
23.38	14.9756
23.43	14.9754
23.48	14.9752
23.53	14.975
23.58	14.9748
23.63	14.9746
23.68	14.9743
23.73	14.9741
23.78	14.974
23.83	14.9733
23.88	14.9756
23.93	14.9789
23.98	14.9833
24.03	14.9877
24.08	14.9893
24.13	14.9907
24.18	14.9932
24.23	14.9966
24.28	15.0008
24.33	15.0057
24.38	15.0078
24.43	15.0114
24.48	15.0131
24.53	15.0141
24.58	15.0151
24.63	15.0168
24.68	15.0175
24.73	15.0188
24.78	15.0188
24.83	15.0196
24.88	15.0192
24.93	15.0189
24.98	15.0198
25.03	15.02
25.08	15.0198
25.13	15.0194
25.18	15.0201
25.23	15.0222
25.28	15.0244
25.33	15.026
25.38	15.0298
25.43	15.0329
25.48	15.0342
25.53	15.0371
25.58	15.0406
25.63	15.0473
25.68	15.0548
25.73	15.0603
25.78	15.0652
25.83	15.0693
25.88	15.0726
25.93	15.0739
25.98	15.0734
26.03	15.0763
26.08	15.0779
26.13	15.0801
26.18	15.0827
26.23	15.0856
26.28	15.0864
26.33	15.0872
26.38	15.0873
26.43	15.0871
26.48	15.0861
26.53	15.0858
26.58	15.0857
26.63	15.0861
26.68	15.0859
26.73	15.0871
26.78	15.0869
26.83	15.0864
26.88	15.0866
26.93	15.087
26.98	15.0922
27.03	15.0987
27.08	15.1034
27.13	15.1097
27.18	15.1141
27.23	15.1165
27.28	15.1185
27.33	15.1181
27.38	15.1156
27.43	15.1147
27.48	15.1134
27.53	15.1164
27.58	15.1202
27.63	15.124
27.68	15.1285
27.73	15.1322
27.78	15.1348
27.83	15.1364
27.88	15.1377
27.93	15.1381
27.98	15.1395
28.03	15.1393
28.08	15.1392
28.13	15.1402
28.18	15.1412
28.23	15.1418
28.28	15.1441
28.33	15.1434
28.38	15.1438
28.43	15.1438
28.48	15.143
28.53	15.1435
28.58	15.1439
28.63	15.149
28.68	15.154
28.73	15.1584
28.78	15.1614
28.83	15.1633
28.88	15.1663
28.93	15.1675
28.98	15.168
29.03	15.1668
29.08	15.167
29.13	15.1668
29.18	15.1664
29.23	15.1661
29.28	15.1657
29.33	15.1671
29.38	15.1695
29.43	15.1732
29.48	15.1795
29.53	15.185
29.58	15.1873
29.63	15.1886
29.68	15.1924
29.73	15.1959
29.78	15.1991
29.83	15.2044
29.88	15.2082
29.93	15.2078
29.98	15.2092
30.03	15.2125
30.08	15.2164
30.13	15.2189
30.18	15.2236
30.23	15.2265
30.28	15.2296
30.33	15.2312
30.38	15.2342
30.43	15.236
30.48	15.2367
30.53	15.2386
30.58	15.2406
30.63	15.2416
30.68	15.243
30.73	15.2437
30.78	15.245
30.83	15.2448
30.88	15.2457
30.93	15.2477
30.98	15.2498
31.03	15.2515
31.08	15.2514
31.13	15.2528
31.18	15.2518
31.23	15.2508
31.28	15.2512
31.33	15.2522
31.38	15.2537
31.43	15.2552
31.48	15.2598
31.53	15.2649
31.58	15.2692
31.63	15.2733
31.68	15.2763
31.73	15.2794
31.78	15.2817
31.83	15.2835
31.88	15.2853
31.93	15.2864
31.98	15.2868
32.03	15.2858
32.08	15.2854
32.13	15.2842
32.18	15.2849
32.23	15.2859
32.28	15.2865
32.33	15.2875
32.38	15.288
32.43	15.2887
32.48	15.2892
32.53	15.2889
32.58	15.2899
32.63	15.2899
32.68	15.2883
32.73	15.2878
32.78	15.2886
32.83	15.2896
32.88	15.291
32.93	15.2932
32.98	15.2939
33.03	15.295
33.08	15.2994
33.13	15.3016
33.18	15.3046
33.23	15.3063
33.28	15.3076
33.33	15.3082
33.38	15.3084
33.43	15.3084
33.48	15.3089
33.53	15.3111
33.58	15.3151
33.63	15.317
33.68	15.318
33.73	15.319
33.78	15.3211
33.83	15.3241
33.88	15.3257
33.93	15.3261
33.98	15.326
34.03	15.3262
34.08	15.3272
34.13	15.328
34.18	15.3288
34.23	15.3294
34.28	15.3298
34.33	15.3303
34.38	15.3342
34.43	15.3378
34.48	15.3395
34.53	15.3407
34.58	15.3419
34.63	15.345
34.68	15.3475
34.73	15.3515
34.78	15.3574
34.83	15.3626
34.88	15.366
34.93	15.3682
34.98	15.3697
35.03	15.3719
35.08	15.3739
35.13	15.3763
35.18	15.379
35.23	15.3811
35.28	15.3823
35.33	15.3828
35.38	15.3819
35.43	15.3832
35.48	15.3841
35.53	15.3834
35.58	15.3831
35.63	15.3852
35.68	15.3865
35.73	15.3866
35.78	15.3873
35.83	15.3903
35.88	15.3918
35.93	15.3918
35.98	15.391
36.03	15.396
36.08	15.4013
36.13	15.4071
36.18	15.412
36.23	15.4147
36.28	15.4159
36.33	15.4171
36.38	15.4185
36.43	15.4209
36.48	15.4223
36.53	15.4232
36.58	15.4233
36.63	15.425
36.68	15.4263
36.73	15.4279
36.78	15.4291
36.83	15.4305
36.88	15.4308
36.93	15.4302
36.98	15.43
37.03	15.4241
37.08	15.4276
37.13	15.4231
37.18	15.4305
37.23	15.4372
37.28	15.4415
37.33	15.4395
37.38	15.4452
37.43	15.4416
37.48	15.4465
37.53	15.4481
37.58	15.4505
37.63	15.4491
37.68	15.4515
37.73	15.4572
37.78	15.4543
37.83	15.4599
37.88	15.455
37.93	15.4608
37.98	15.4588
38.03	15.4632
38.08	15.4725
38.13	15.4767
38.18	15.4812
38.23	15.4813
38.28	15.486
38.33	15.4893
38.38	15.4911
38.43	15.4934
38.48	15.4994
38.53	15.5005
38.58	15.4968
38.63	15.4973
38.68	15.5015
38.73	15.4953
38.78	15.4943
38.83	15.4987
38.88	15.4947
38.93	15.4953
38.98	15.495
39.03	15.4983
39.08	15.4932
39.13	15.4934
39.18	15.4988
39.23	15.4945
39.28	15.4948
39.33	15.4973
39.38	15.4992
39.43	15.5006
39.48	15.5015
39.53	15.5048
39.58	15.507
39.63	15.5129
39.68	15.5101
39.73	15.5112
39.78	15.5115
39.83	15.5119
39.88	15.5119
39.93	15.5118
39.98	15.5127
40.03	15.5149
40.08	15.5166
40.13	15.5174
40.18	15.5183
40.23	15.5222
40.28	15.5314
40.33	15.5381
40.38	15.5424
40.43	15.5451
40.48	15.5481
40.53	15.5502
40.58	15.5528
40.63	15.5563
40.68	15.5583
40.73	15.5607
40.78	15.563
40.83	15.5632
40.88	15.5643
40.93	15.5678
40.98	15.5703
41.03	15.5718
41.08	15.5746
41.13	15.5764
41.18	15.5771
41.23	15.5771
41.28	15.5766
41.33	15.577
41.38	15.5768
41.43	15.5766
41.48	15.5775
41.53	15.5785
41.58	15.5791
41.63	15.5806
41.68	15.5819
41.73	15.5838
41.78	15.5862
41.83	15.5888
41.88	15.5918
41.93	15.5932
41.98	15.5942
42.03	15.596
42.08	15.598
42.13	15.6035
42.18	15.6068
42.23	15.6098
42.28	15.6141
42.33	15.616
42.38	15.6214
42.43	15.6172
42.48	15.6173
42.53	15.619
42.58	15.6206
42.63	15.6233
42.68	15.6255
42.73	15.627
42.78	15.6289
42.83	15.6302
42.88	15.631
42.93	15.6306
42.98	15.632
43.03	15.6336
43.08	15.6336
43.13	15.6331
43.18	15.6347
43.23	15.6375
43.28	15.6401
43.33	15.642
43.38	15.6411
43.43	15.6416
43.48	15.6438
43.53	15.6459
43.58	15.6484
43.63	15.6526
43.68	15.6583
43.73	15.661
43.78	15.6636
43.83	15.6667
43.88	15.6748
43.93	15.682
43.98	15.6866
44.03	15.6893
44.08	15.6913
44.13	15.6918
44.18	15.6931
44.23	15.6928
44.28	15.693
44.33	15.694
44.38	15.6935
44.43	15.6931
44.48	15.6939
44.53	15.6948
44.58	15.697
44.63	15.6977
44.68	15.6998
44.73	15.7071
44.78	15.7114
44.83	15.7131
44.88	15.7161
44.93	15.72
44.98	15.7223
45.03	15.7225
45.08	15.7225
45.13	15.7205
45.18	15.7216
45.23	15.7266
45.28	15.7309
45.33	15.734
45.38	15.7358
45.43	15.7364
45.48	15.7362
45.53	15.7359
45.58	15.7347
45.63	15.7357
45.68	15.7367
45.73	15.7384
45.78	15.7382
45.83	15.7392
45.88	15.7412
45.93	15.7424
45.98	15.7431
46.03	15.7461
46.08	15.7485
46.13	15.7515
46.18	15.755
46.23	15.7559
46.28	15.7582
46.33	15.7595
46.38	15.7603
46.43	15.7626
46.48	15.7655
46.53	15.7674
46.58	15.7685
46.63	15.7701
46.68	15.7709
46.73	15.7719
46.78	15.7725
46.83	15.7726
46.88	15.773
46.93	15.7727
46.98	15.773
47.03	15.774
47.08	15.7744
47.13	15.7752
47.18	15.776
47.23	15.776
47.28	15.776
47.33	15.7755
47.38	15.7769
47.43	15.777
47.48	15.7783
47.53	15.7798
47.58	15.7851
47.63	15.7898
47.68	15.7957
47.73	15.801
47.78	15.8033
47.83	15.8043
47.88	15.8065
47.93	15.8114
47.98	15.8179
48.03	15.8222
48.08	15.8238
48.13	15.8245
48.18	15.8251
48.23	15.8269
48.28	15.8291
48.33	15.8292
48.38	15.8296
48.43	15.8301
48.48	15.8291
48.53	15.8285
48.58	15.8312
48.63	15.837
48.68	15.8407
48.73	15.8449
48.78	15.8473
48.83	15.8489
48.88	15.8514
48.93	15.856
48.98	15.8612
49.03	15.8639
49.08	15.8679
49.13	15.8721
49.18	15.8751
49.23	15.8765
49.28	15.8767
49.33	15.8786
49.38	15.8808
49.43	15.8823
49.48	15.8832
49.53	15.8849
49.58	15.8877
49.63	15.8891
49.68	15.8895
49.73	15.8898
49.78	15.8898
49.83	15.8905
49.88	15.8907
49.93	15.8909
49.98	15.8908
50.03	15.8905
50.08	15.8901
50.13	15.8907
50.18	15.8909
50.23	15.8916
50.28	15.8935
50.33	15.8962
50.38	15.8975
50.43	15.8985
50.48	15.8981
50.53	15.8995
50.58	15.9021
50.63	15.9064
50.68	15.9101
50.73	15.9125
50.78	15.9153
50.83	15.9174
50.88	15.9189
50.93	15.9194
50.98	15.9183
51.03	15.9172
51.08	15.9162
51.13	15.9158
51.18	15.9153
51.23	15.9164
51.28	15.917
51.33	15.9186
51.38	15.9226
51.43	15.9248
51.48	15.9266
51.53	15.9267
51.58	15.9264
51.63	15.9271
51.68	15.9269
51.73	15.9275
51.78	15.9292
51.83	15.9298
51.88	15.9305
51.93	15.934
51.98	15.9375
52.03	15.9405
52.08	15.9434
52.13	15.9473
52.18	15.9502
52.23	15.9527
52.28	15.9544
52.33	15.9555
52.38	15.9581
52.43	15.9594
52.48	15.9611
52.53	15.964
52.58	15.9681
52.63	15.9701
52.68	15.9713
52.73	15.9708
52.78	15.972
52.83	15.9749
52.88	15.9766
52.93	15.9783
52.98	15.9796
53.03	15.9812
53.08	15.9819
53.13	15.9844
53.18	15.9877
53.23	15.9898
53.28	15.9905
53.33	15.9917
53.38	15.9915
53.43	15.9927
53.48	15.9932
53.53	15.9949
53.58	15.9958
53.63	15.996
53.68	15.9961
53.73	15.9965
53.78	15.9963
53.83	15.9974
53.88	16.0013
53.93	16.0101
53.98	16.017
54.03	16.0206
54.08	16.0221
54.13	16.0238
54.18	16.0265
54.23	16.0285
54.28	16.0297
54.33	16.0312
54.38	16.034
54.43	16.0361
54.48	16.0379
54.53	16.0413
54.58	16.0446
54.63	16.0489
54.68	16.0551
54.73	16.0611
54.78	16.0667
54.83	16.0712
54.88	16.0747
54.93	16.0764
54.98	16.0764
55.03	16.0766
55.08	16.0761
55.13	16.0759
55.18	16.076
55.23	16.0752
55.28	16.0751
55.33	16.0762
55.38	16.0765
55.43	16.0793
55.48	16.0828
55.53	16.0857
55.58	16.0883
55.63	16.0899
55.68	16.0896
55.73	16.0896
55.78	16.09
55.83	16.0915
55.88	16.0911
55.93	16.091
55.98	16.0911
56.03	16.0919
56.08	16.0919
56.13	16.0922
56.18	16.0928
56.23	16.0927
56.28	16.0925
56.33	16.0926
56.38	16.0934
56.43	16.094
56.48	16.0949
56.53	16.0994
56.58	16.1021
56.63	16.1047
56.68	16.1057
56.73	16.1089
56.78	16.1115
56.83	16.1129
56.88	16.1142
56.93	16.1144
56.98	16.116
57.03	16.1184
57.08	16.1205
57.13	16.1219
57.18	16.1245
57.23	16.1266
57.28	16.1264
57.33	16.1283
57.38	16.1292
57.43	16.1296
57.48	16.1304
57.53	16.1314
57.58	16.133
57.63	16.1368
57.68	16.1385
57.73	16.1408
57.78	16.1446
57.83	16.1495
57.88	16.1533
57.93	16.1546
57.98	16.155
58.03	16.155
58.08	16.1543
58.13	16.1547
58.18	16.1594
58.23	16.1639
58.28	16.1676
58.33	16.1686
58.38	16.1697
58.43	16.1698
58.48	16.1707
58.53	16.1714
58.58	16.1722
58.63	16.1719
58.68	16.1715
58.73	16.1722
58.78	16.1734
58.83	16.1776
58.88	16.1805
58.93	16.1842
58.98	16.1888
59.03	16.1926
59.08	16.1925
59.13	16.1943
59.18	16.1965
59.23	16.2
59.28	16.203
59.33	16.2044
59.38	16.2051
59.43	16.2056
59.48	16.2072
59.53	16.2081
59.58	16.2084
59.63	16.2083
59.68	16.2089
59.73	16.2101
59.78	16.2123
59.83	16.2142
59.88	16.2182
59.93	16.2217
59.98	16.2239
60.03	16.2256
60.08	16.2254
60.13	16.2268
60.18	16.2314
60.23	16.2337
60.28	16.2363
60.33	16.2418
60.38	16.2445
60.43	16.2472
60.48	16.2504
60.53	16.2519
60.58	16.2522
60.63	16.2517
60.68	16.2527
60.73	16.2539
60.78	16.257
60.83	16.2622
60.88	16.2654
60.93	16.2682
60.98	16.2691
61.03	16.2678
61.08	16.2694
61.13	16.2716
61.18	16.2731
61.23	16.2813
61.28	16.2852
61.33	16.2946
61.38	16.3031
61.43	16.3052
61.48	16.3053
61.53	16.3038
61.58	16.3048
61.63	16.3053
61.68	16.3049
61.73	16.3052
61.78	16.304
61.83	16.3044
61.88	16.3032
61.93	16.3018
61.98	16.3021
62.03	16.3014
62.08	16.3005
62.13	16.3001
62.18	16.3005
62.23	16.3
62.28	16.3003
62.33	16.306
62.38	16.3138
62.43	16.3166
62.48	16.3206
62.53	16.3232
62.58	16.3269
62.63	16.332
62.68	16.3358
62.73	16.3383
62.78	16.3388
62.83	16.3394
62.88	16.3395
62.93	16.3412
62.98	16.3424
63.03	16.3464
63.08	16.349
63.13	16.3506
63.18	16.3552
63.23	16.3601
63.28	16.3619
63.33	16.3617
63.38	16.3611
63.43	16.3609
63.48	16.3614
63.53	16.3633
63.58	16.3635
63.63	16.3648
63.68	16.3663
63.73	16.3703
63.78	16.3718
63.83	16.3734
63.88	16.3751
63.93	16.378
63.98	16.379
64.03	16.3785
64.08	16.3793
64.13	16.3805
64.18	16.3805
64.23	16.3797
64.28	16.3793
64.33	16.3801
64.38	16.3815
64.43	16.383
64.48	16.3849
64.53	16.3868
64.58	16.3887
64.63	16.3912
64.68	16.3944
64.73	16.3961
64.78	16.3974
64.83	16.3993
64.88	16.4006
64.93	16.4016
64.98	16.4038
65.03	16.405
65.08	16.4062
65.13	16.4062
65.18	16.4063
65.23	16.4074
65.28	16.4081
65.33	16.4106
65.38	16.4126
65.43	16.419
65.48	16.4252
65.53	16.4296
65.58	16.4313
65.63	16.4334
65.68	16.4403
65.73	16.4456
65.78	16.4485
65.83	16.4568
65.88	16.4631
65.93	16.4643
65.98	16.4676
66.03	16.4703
66.08	16.4722
66.13	16.4723
66.18	16.474
66.23	16.4753
66.28	16.4767
66.33	16.4789
66.38	16.4814
66.43	16.483
66.48	16.4856
66.53	16.4876
66.58	16.4894
66.63	16.4907
66.68	16.4921
66.73	16.4947
66.78	16.4952
66.83	16.4968
66.88	16.4991
66.93	16.4999
66.98	16.4996
67.03	16.4975
67.08	16.4962
67.13	16.4963
67.18	16.4975
67.23	16.4979
67.28	16.4978
67.33	16.4982
67.38	16.4982
67.43	16.4977
67.48	16.5002
67.53	16.5055
67.58	16.5099
67.63	16.513
67.68	16.5147
67.73	16.5214
67.78	16.527
67.83	16.5297
67.88	16.53
67.93	16.5303
67.98	16.5335
68.03	16.5339
68.08	16.532
68.13	16.5322
68.18	16.5315
68.23	16.5308
68.28	16.5309
68.33	16.5323
68.38	16.5335
68.43	16.5342
68.48	16.5359
68.53	16.5374
68.58	16.5378
68.63	16.5373
68.68	16.5363
68.73	16.5355
68.78	16.5389
68.83	16.5452
68.88	16.5475
68.93	16.5509
68.98	16.558
69.03	16.5641
69.08	16.566
69.13	16.5679
69.18	16.571
69.23	16.5714
69.28	16.575
69.33	16.5785
69.38	16.5856
69.43	16.5923
69.48	16.5975
69.53	16.5991
69.58	16.5977
69.63	16.5943
69.68	16.5926
69.73	16.593
69.78	16.594
69.83	16.5933
69.88	16.5934
69.93	16.5932
69.98	16.5926
70.03	16.593
70.08	16.5939
70.13	16.5962
70.18	16.5995
70.23	16.6065
70.28	16.6097
70.33	16.6109
70.38	16.6111
70.43	16.6118
70.48	16.6121
70.53	16.6115
70.58	16.6099
70.63	16.6102
70.68	16.6113
70.73	16.6123
70.78	16.6134
70.83	16.6148
70.88	16.6168
70.93	16.6184
70.98	16.6213
71.03	16.6247
71.08	16.6258
71.13	16.6267
71.18	16.6279
71.23	16.6304
71.28	16.6312
71.33	16.6348
71.38	16.6394
71.43	16.6392
71.48	16.6374
71.53	16.6374
71.58	16.6368
71.63	16.6395
71.68	16.6425
71.73	16.6455
71.78	16.6473
71.83	16.6494
71.88	16.6517
71.93	16.6527
71.98	16.6549
72.03	16.656
72.08	16.6567
72.13	16.6568
72.18	16.6573
72.23	16.6615
72.28	16.6656
72.33	16.6677
72.38	16.6683
72.43	16.6692
72.48	16.6708
72.53	16.6724
72.58	16.6762
72.63	16.6794
72.68	16.6807
72.73	16.6832
72.78	16.6883
72.83	16.6893
72.88	16.6872
72.93	16.685
72.98	16.6842
73.03	16.6855
73.08	16.6879
73.13	16.6895
73.18	16.689
73.23	16.6891
73.28	16.6964
73.33	16.705
73.38	16.7112
73.43	16.7165
73.48	16.7209
73.53	16.7267
73.58	16.7301
73.63	16.7322
73.68	16.7361
73.73	16.7389
73.78	16.7388
73.83	16.7401
73.88	16.7411
73.93	16.7422
73.98	16.7437
74.03	16.7445
74.08	16.7459
74.13	16.7468
74.18	16.7464
74.23	16.7468
74.28	16.7475
74.33	16.7495
74.38	16.7499
74.43	16.7507
74.48	16.7517
74.53	16.7527
74.58	16.7536
74.63	16.7554
74.68	16.7572
74.73	16.759
74.78	16.7616
74.83	16.7646
74.88	16.7673
74.93	16.7691
74.98	16.77
75.03	16.7711
75.08	16.7722
75.13	16.7726
75.18	16.7729
75.23	16.7743
75.28	16.7762
75.33	16.779
75.38	16.7826
75.43	16.7841
75.48	16.7871
75.53	16.7907
75.58	16.7957
75.63	16.7978
75.68	16.7987
75.73	16.8015
75.78	16.8044
75.83	16.8072
75.88	16.8112
75.93	16.8169
75.98	16.8186
76.03	16.8204
76.08	16.822
76.13	16.8213
76.18	16.8219
76.23	16.8235
76.28	16.8254
76.33	16.8249
76.38	16.8281
76.43	16.8326
76.48	16.8403
76.53	16.8476
76.58	16.851
76.63	16.8516
76.68	16.852
76.73	16.8541
76.78	16.8576
76.83	16.864
76.88	16.8725
76.93	16.8767
76.98	16.8784
77.03	16.8823
77.08	16.8869
77.13	16.8907
77.18	16.8945
77.23	16.8958
77.28	16.8968
77.33	16.8987
77.38	16.9014
77.43	16.9018
77.48	16.9012
77.53	16.901
77.58	16.9002
77.63	16.8998
77.68	16.8985
77.73	16.8986
77.78	16.8976
77.83	16.8957
77.88	16.8973
77.93	16.9033
77.98	16.9052
78.03	16.9065
78.08	16.9089
78.13	16.9108
78.18	16.9123
78.23	16.9127
78.28	16.9142
78.33	16.915
78.38	16.9142
78.43	16.914
78.48	16.9156
78.53	16.9173
78.58	16.9236
78.63	16.9303
78.68	16.9326
78.73	16.9361
78.78	16.9399
78.83	16.9427
78.88	16.9444
78.93	16.9455
78.98	16.9456
79.03	16.9469
79.08	16.9485
79.13	16.9501
79.18	16.9523
79.23	16.9543
79.28	16.954
79.33	16.9522
79.38	16.9507
79.43	16.9519
79.48	16.9549
79.53	16.9575
79.58	16.9594
79.63	16.9593
79.68	16.9577
79.73	16.9563
79.78	16.9565
79.83	16.9577
79.88	16.9585
79.93	16.9618
79.98	16.9674
80.03	16.9738
80.08	16.9764
80.13	16.9764
80.18	16.9711
80.23	16.9733
80.28	16.9704
80.33	16.9664
80.38	16.9714
80.43	16.9714
80.48	16.9716
80.53	16.9743
80.58	16.978
80.63	16.9809
80.68	16.9847
80.73	16.9828
80.78	16.9904
80.83	16.9896
80.88	16.994
80.93	17
80.98	17.001
81.03	17.0024
81.08	17.0051
81.13	17.0105
81.18	17.0171
81.23	17.0226
81.28	17.024
81.33	17.0254
81.38	17.0286
81.43	17.0348
81.48	17.0395
81.53	17.0469
81.58	17.0528
81.63	17.0532
81.68	17.0578
81.73	17.0636
81.78	17.0671
81.83	17.0693
81.88	17.0657
81.93	17.0691
81.98	17.0719
82.03	17.0777
82.08	17.0831
82.13	17.0748
82.18	17.076
82.23	17.0821
82.28	17.0808
82.33	17.081
82.38	17.0778
82.43	17.0789
82.48	17.0842
82.53	17.089
82.58	17.093
82.63	17.096
82.68	17.0993
82.73	17.1022
82.78	17.1037
82.83	17.1038
82.88	17.1041
82.93	17.1045
82.98	17.1054
83.03	17.1057
83.08	17.106
83.13	17.1062
83.18	17.107
83.23	17.1086
83.28	17.1089
83.33	17.1088
83.38	17.1083
83.43	17.1062
83.48	17.107
83.53	17.1118
83.58	17.1187
83.63	17.1249
83.68	17.13
83.73	17.1338
83.78	17.1374
83.83	17.1441
83.88	17.1396
83.93	17.1422
83.98	17.1436
84.03	17.1433
84.08	17.1476
84.13	17.1444
84.18	17.1451
84.23	17.1466
84.28	17.1479
84.33	17.1541
84.38	17.1583
84.43	17.1602
84.48	17.1639
84.53	17.1617
84.58	17.1629
84.63	17.1639
84.68	17.1636
84.73	17.165
84.78	17.1664
84.83	17.1682
84.88	17.1681
84.93	17.1698
84.98	17.1693
85.03	17.1688
85.08	17.1698
85.13	17.1696
85.18	17.169
85.23	17.1742
85.28	17.1701
85.33	17.1753
85.38	17.171
85.43	17.1718
85.48	17.1761
85.53	17.1723
85.58	17.1757
85.63	17.179
85.68	17.1824
85.73	17.1839
85.78	17.1844
85.83	17.1853
85.88	17.186
85.93	17.1866
85.98	17.1881
86.03	17.1937
86.08	17.1983
86.13	17.2025
86.18	17.2067
86.23	17.213
86.28	17.2199
86.33	17.2274
86.38	17.2347
86.43	17.2432
86.48	17.2479
86.53	17.2516
86.58	17.2524
86.63	17.2528
86.68	17.2514
86.73	17.2512
86.78	17.2514
86.83	17.252
86.88	17.2532
86.93	17.2577
86.98	17.2615
87.03	17.2651
87.08	17.2675
87.13	17.2679
87.18	17.2693
87.23	17.2694
87.28	17.2695
87.33	17.2726
87.38	17.2723
87.43	17.2721
87.48	17.2733
87.53	17.2754
87.58	17.2758
87.63	17.2777
87.68	17.2846
87.73	17.2897
87.78	17.2889
87.83	17.2887
87.88	17.2902
87.93	17.293
87.98	17.2987
88.03	17.3004
88.08	17.301
88.13	17.3035
88.18	17.305
88.23	17.3073
88.28	17.3139
88.33	17.3202
88.38	17.3256
88.43	17.3292
88.48	17.3308
88.53	17.3345
88.58	17.3295
88.63	17.3287
88.68	17.3286
88.73	17.3281
88.78	17.3275
88.83	17.3277
88.88	17.3258
88.93	17.3247
88.98	17.3245
89.03	17.3243
89.08	17.3237
89.13	17.3238
89.18	17.3236
89.23	17.3238
89.28	17.3243
89.33	17.3249
89.38	17.3262
89.43	17.3264
89.48	17.3281
89.53	17.33
89.58	17.3348
89.63	17.336
89.68	17.3365
89.73	17.3392
89.78	17.3398
89.83	17.3397
89.88	17.3458
89.93	17.3571
89.98	17.3672
90.03	17.3745
90.08	17.3778
90.13	17.3768
90.18	17.3767
90.23	17.377
90.28	17.3783
90.33	17.3784
90.38	17.3794
90.43	17.3843
90.48	17.3884
90.53	17.3953
90.58	17.3995
90.63	17.4015
90.68	17.4036
90.73	17.4034
90.78	17.41
90.83	17.4127
90.88	17.4139
90.93	17.4166
90.98	17.4178
91.03	17.4164
91.08	17.4217
91.13	17.4249
91.18	17.4263
91.23	17.426
91.28	17.4268
91.33	17.4262
91.38	17.4258
91.43	17.4248
91.48	17.4248
91.53	17.4274
91.58	17.4323
91.63	17.4414
91.68	17.4459
91.73	17.4515
91.78	17.4527
91.83	17.4531
91.88	17.4538
91.93	17.4547
91.98	17.4568
92.03	17.457
92.08	17.4549
92.13	17.4541
92.18	17.4565
92.23	17.4605
92.28	17.4628
92.33	17.4634
92.38	17.4628
92.43	17.4624
92.48	17.4625
92.53	17.4652
92.58	17.4663
92.63	17.4644
92.68	17.463
92.73	17.4628
92.78	17.4661
92.83	17.4709
92.88	17.4758
92.93	17.4762
92.98	17.4778
93.03	17.4799
93.08	17.4832
93.13	17.4867
93.18	17.4875
93.23	17.488
93.28	17.4877
93.33	17.4879
93.38	17.4879
93.43	17.4893
93.48	17.4926
93.53	17.4944
93.58	17.4942
93.63	17.4946
93.68	17.5013
93.73	17.5112
93.78	17.5164
93.83	17.5183
93.88	17.5156
93.93	17.5149
93.98	17.5222
94.03	17.5287
94.08	17.5321
94.13	17.5364
94.18	17.5372
94.23	17.5391
94.28	17.5397
94.33	17.5416
94.38	17.5423
94.43	17.5427
94.48	17.5454
94.53	17.5474
94.58	17.5477
94.63	17.5472
94.68	17.5474
94.73	17.5504
94.78	17.5518
94.83	17.5522
94.88	17.5533
94.93	17.5539
94.98	17.5536
95.03	17.5533
95.08	17.5522
95.13	17.5527
95.18	17.5532
95.23	17.5549
95.28	17.5564
95.33	17.5563
95.38	17.5573
95.43	17.5585
95.48	17.5606
95.53	17.5639
95.58	17.5649
95.63	17.5653
95.68	17.5656
95.73	17.5651
95.78	17.5662
95.83	17.567
95.88	17.5659
95.93	17.5657
95.98	17.5648
96.03	17.5642
96.08	17.5646
96.13	17.5651
96.18	17.5668
96.23	17.5743
96.28	17.5792
96.33	17.5826
96.38	17.5839
96.43	17.5857
96.48	17.5888
96.53	17.5906
96.58	17.5919
96.63	17.5917
96.68	17.5921
96.73	17.5922
96.78	17.5923
96.83	17.5923
96.88	17.595
96.93	17.5992
96.98	17.6035
97.03	17.6094
97.08	17.613
97.13	17.6172
97.18	17.6244
97.23	17.6343
97.28	17.6385
97.33	17.6413
97.38	17.6421
97.43	17.6432
97.48	17.6419
97.53	17.6419
97.58	17.6411
97.63	17.6417
97.68	17.6416
97.73	17.6458
97.78	17.6481
97.83	17.6512
97.88	17.6539
97.93	17.6583
97.98	17.6627
98.03	17.6669
98.08	17.6665
98.13	17.6671
98.18	17.6697
98.23	17.6704
98.28	17.6701
98.33	17.6699
98.38	17.6708
98.43	17.6739
98.48	17.6797
98.53	17.6825
98.58	17.685
98.63	17.6887
98.68	17.6908
98.73	17.6917
98.78	17.6948
98.83	17.698
98.88	17.701
98.93	17.7005
98.98	17.7
99.03	17.7005
99.08	17.7033
99.13	17.706
99.18	17.7082
99.23	17.709
99.28	17.7083
99.33	17.7083
99.38	17.7091
99.43	17.7102
99.48	17.7112
99.53	17.7112
99.58	17.7113
99.63	17.7107
99.68	17.711
99.73	17.7117
99.78	17.7116
99.83	17.7126
99.88	17.717
99.93	17.7276
99.98	17.7334
100.03	17.7345
100.08	17.7316
100.13	17.7309
100.18	17.7315
100.23	17.7335
100.28	17.7374
100.33	17.7407
100.38	17.747
100.43	17.7489
100.48	17.7534
100.53	17.7618
100.58	17.7667
100.63	17.7689
100.68	17.7703
100.73	17.7699
100.78	17.7706
100.83	17.773
100.88	17.7733
100.93	17.7724
100.98	17.773
101.03	17.7744
101.08	17.7756
101.13	17.7765
101.18	17.7759
101.23	17.7758
101.28	17.7747
101.33	17.7741
101.38	17.7763
101.43	17.7794
101.48	17.7846
101.53	17.7881
101.58	17.7904
101.63	17.7923
101.68	17.7949
101.73	17.7963
101.78	17.7961
101.83	17.7989
101.88	17.8025
101.93	17.8042
101.98	17.8047
102.03	17.8045
102.08	17.8037
102.13	17.803
102.18	17.8021
102.23	17.8024
102.28	17.8031
102.33	17.8041
102.38	17.8039
102.43	17.8077
102.48	17.8147
102.53	17.8228
102.58	17.8314
102.63	17.8453
102.68	17.8524
102.73	17.8581
102.78	17.8621
102.83	17.8658
102.88	17.8691
102.93	17.8693
102.98	17.8651
103.03	17.8614
103.08	17.862
103.13	17.8654
103.18	17.869
103.23	17.8709
103.28	17.8734
103.33	17.8791
103.38	17.8791
103.43	17.8782
103.48	17.8777
103.53	17.8781
103.58	17.8781
103.63	17.8784
103.68	17.8784
103.73	17.8775
103.78	17.8773
103.83	17.8773
103.88	17.8816
103.93	17.8872
103.98	17.8933
104.03	17.8946
104.08	17.898
104.13	17.9035
104.18	17.9097
104.23	17.9152
104.28	17.9192
104.33	17.9215
104.38	17.924
104.43	17.9235
104.48	17.9235
104.53	17.9277
104.58	17.93
104.63	17.9293
104.68	17.9279
104.73	17.9258
104.78	17.926
104.83	17.9265
104.88	17.9267
104.93	17.927
104.98	17.9261
105.03	17.9265
105.08	17.9271
105.13	17.9267
105.18	17.927
105.23	17.9335
105.28	17.9401
105.33	17.9479
105.38	17.951
105.43	17.9533
105.48	17.9575
105.53	17.9595
105.58	17.9599
105.63	17.9596
105.68	17.9596
105.73	17.9598
105.78	17.9647
105.83	17.9735
105.88	17.9812
105.93	17.9856
105.98	17.9896
106.03	17.9921
106.08	17.9935
106.13	17.9929
106.18	17.9926
106.23	17.9966
106.28	17.9997
106.33	17.9995
106.38	17.9993
106.43	17.9993
106.48	17.998
106.53	17.9974
106.58	17.9977
106.63	17.9993
106.68	18.0024
106.73	18.0109
106.78	18.0148
106.83	18.019
106.88	18.0191
106.93	18.0187
106.98	18.0189
107.03	18.0204
107.08	18.024
107.13	18.0253
107.18	18.0261
107.23	18.0257
107.28	18.0253
107.33	18.0241
107.38	18.0253
107.43	18.0262
107.48	18.0287
107.53	18.0383
107.58	18.0478
107.63	18.0511
107.68	18.054
107.73	18.0619
107.78	18.0664
107.83	18.0696
107.88	18.0694
107.93	18.0686
107.98	18.0697
108.03	18.0704
108.08	18.0702
108.13	18.0705
108.18	18.0702
108.23	18.0688
108.28	18.0666
108.33	18.0658
108.38	18.0645
108.43	18.0651
108.48	18.0681
108.53	18.0699
108.58	18.0706
108.63	18.0706
108.68	18.0716
108.73	18.0742
108.78	18.0778
108.83	18.0863
108.88	18.0949
108.93	18.0985
108.98	18.0989
109.03	18.1004
109.08	18.1029
109.13	18.1028
109.18	18.1028
109.23	18.1027
109.28	18.1035
109.33	18.105
109.38	18.1067
109.43	18.109
109.48	18.111
109.53	18.1146
109.58	18.1152
109.63	18.1148
109.68	18.1161
109.73	18.1198
109.78	18.1254
109.83	18.1304
109.88	18.1399
109.93	18.1461
109.98	18.1523
110.03	18.1531
110.08	18.1557
110.13	18.158
110.18	18.1573
110.23	18.1555
110.28	18.154
110.33	18.1543
110.38	18.1546
110.43	18.1543
110.48	18.1529
110.53	18.1503
110.58	18.1475
110.63	18.1473
110.68	18.1523
110.73	18.1575
110.78	18.1609
110.83	18.1639
110.88	18.1658
110.93	18.1657
110.98	18.1646
111.03	18.1619
111.08	18.1605
111.13	18.1595
111.18	18.1591
111.23	18.1585
111.28	18.1587
111.33	18.1583
111.38	18.1583
111.43	18.1596
111.48	18.1594
111.53	18.1595
111.58	18.1603
111.63	18.1617
111.68	18.1635
111.73	18.166
111.78	18.1682
111.83	18.1689
111.88	18.1701
111.93	18.1702
111.98	18.1706
112.03	18.1714
112.08	18.1715
112.13	18.1717
112.18	18.1713
112.23	18.1724
112.28	18.1763
112.33	18.1794
112.38	18.1885
112.43	18.2044
112.48	18.2107
112.53	18.214
112.58	18.2174
112.63	18.2174
112.68	18.2154
112.73	18.217
112.78	18.2179
112.83	18.2188
112.88	18.2209
112.93	18.2221
112.98	18.2266
113.03	18.2312
113.08	18.2357
113.13	18.2411
113.18	18.2443
113.23	18.2447
113.28	18.2432
113.33	18.2415
113.38	18.24
113.43	18.2381
113.48	18.2376
113.53	18.2369
113.58	18.2375
113.63	18.2394
113.68	18.2417
113.73	18.2436
113.78	18.2443
113.83	18.2446
113.88	18.2469
113.93	18.2486
113.98	18.2518
114.03	18.2525
114.08	18.2539
114.13	18.2538
114.18	18.2538
114.23	18.2531
114.28	18.2528
114.33	18.2526
114.38	18.253
114.43	18.2533
114.48	18.253
114.53	18.2532
114.58	18.2554
114.63	18.2608
114.68	18.2683
114.73	18.2734
114.78	18.2767
114.83	18.2818
114.88	18.2872
114.93	18.2893
114.98	18.2874
115.03	18.2849
115.08	18.2831
115.13	18.2817
115.18	18.2798
115.23	18.2791
115.28	18.2784
115.33	18.2793
115.38	18.2835
115.43	18.2883
115.48	18.2937
115.53	18.2986
115.58	18.3077
115.63	18.314
115.68	18.3156
115.73	18.316
115.78	18.3156
115.83	18.3152
115.88	18.3146
115.93	18.3151
115.98	18.3185
116.03	18.3259
116.08	18.3306
116.13	18.3331
116.18	18.3363
116.23	18.3388
116.28	18.3411
116.33	18.3422
116.38	18.3426
116.43	18.3414
116.48	18.3424
116.53	18.348
116.58	18.3567
116.63	18.3635
116.68	18.3696
116.73	18.3711
116.78	18.373
116.83	18.3721
116.88	18.3718
116.93	18.3716
116.98	18.3721
117.03	18.3733
117.08	18.375
117.13	18.3755
117.18	18.3757
117.23	18.3759
117.28	18.3764
117.33	18.3765
117.38	18.3765
117.43	18.3772
117.48	18.3769
117.53	18.3795
117.58	18.3845
117.63	18.3893
117.68	18.39
117.73	18.3899
117.78	18.3906
117.83	18.3934
117.88	18.3955
117.93	18.3965
117.98	18.3978
118.03	18.3998
118.08	18.4029
118.13	18.4049
118.18	18.4053
118.23	18.4041
118.28	18.4038
118.33	18.4046
118.38	18.4043
118.43	18.4046
118.48	18.4049
118.53	18.4099
118.58	18.4149
118.63	18.4182
118.68	18.4192
118.73	18.4179
118.78	18.4169
118.83	18.4163
118.88	18.4167
118.93	18.4177
118.98	18.4179
119.03	18.418
119.08	18.4186
119.13	18.4189
119.18	18.4206
119.23	18.421
119.28	18.4218
119.33	18.4242
119.38	18.4314
119.43	18.4358
119.48	18.441
119.53	18.4423
119.58	18.4424
119.63	18.4439
119.68	18.4447
119.73	18.4452
119.78	18.4453
119.83	18.4458
119.88	18.4462
119.93	18.4473
119.98	18.4545
120.03	18.4634
120.08	18.4682
120.13	18.47
120.18	18.4698
120.23	18.4701
120.28	18.4756
120.33	18.4766
120.38	18.4767
120.43	18.476
120.48	18.4765
120.53	18.478
120.58	18.4807
120.63	18.4819
120.68	18.4858
120.73	18.4879
120.78	18.4889
120.83	18.4888
120.88	18.4888
120.93	18.4902
120.98	18.4906
121.03	18.4909
121.08	18.4906
121.13	18.4904
121.18	18.4917
121.23	18.4919
121.28	18.4921
121.33	18.4935
121.38	18.4967
121.43	18.4987
121.48	18.4995
121.53	18.4993
121.58	18.5002
121.63	18.5011
121.68	18.5027
121.73	18.5051
121.78	18.5071
121.83	18.5082
121.88	18.5084
121.93	18.5088
121.98	18.5094
122.03	18.5101
122.08	18.5129
122.13	18.5176
122.18	18.5232
122.23	18.525
122.28	18.5278
122.33	18.5319
122.38	18.54
122.43	18.5481
122.48	18.5506
122.53	18.554
122.58	18.5558
122.63	18.5566
122.68	18.5575
122.73	18.5588
122.78	18.5591
122.83	18.5601
122.88	18.5608
122.93	18.5604
122.98	18.5612
123.03	18.5616
123.08	18.5649
123.13	18.566
123.18	18.5674
123.23	18.5695
123.28	18.57
123.33	18.5711
123.38	18.5715
123.43	18.5719
123.48	18.5711
123.53	18.5704
123.58	18.5717
123.63	18.5757
123.68	18.5787
123.73	18.5818
123.78	18.5833
123.83	18.587
123.88	18.5888
123.93	18.5904
123.98	18.5928
124.03	18.594
124.08	18.595
124.13	18.5956
124.18	18.5954
124.23	18.5956
124.28	18.5957
124.33	18.596
124.38	18.5984
124.43	18.6014
124.48	18.6027
124.53	18.5994
124.58	18.6049
124.63	18.6087
124.68	18.6111
124.73	18.6129
124.78	18.6143
124.83	18.611
124.88	18.6158
124.93	18.6183
124.98	18.6195
125.03	18.6207
125.08	18.6214
125.13	18.6234
125.18	18.6245
125.23	18.6268
125.28	18.6299
125.33	18.6257
125.38	18.6324
125.43	18.6299
125.48	18.6349
125.53	18.6389
125.58	18.6406
125.63	18.6379
125.68	18.6435
125.73	18.6446
125.78	18.6477
125.83	18.6457
125.88	18.6515
125.93	18.6502
125.98	18.6511
126.03	18.652
126.08	18.6502
126.13	18.6529
126.18	18.6559
126.23	18.6635
126.28	18.6654
126.33	18.6665
126.38	18.6742
126.43	18.6808
126.48	18.677
126.53	18.6801
126.58	18.6834
126.63	18.6795
126.68	18.6786
126.73	18.6817
126.78	18.6799
126.83	18.6867
126.88	18.6886
126.93	18.6843
126.98	18.6869
127.03	18.6882
127.08	18.6903
127.13	18.6919
127.18	18.6931
127.23	18.6953
127.28	18.6994
127.33	18.7049
127.38	18.7091
127.43	18.7098
127.48	18.7137
127.53	18.7097
127.58	18.7108
127.63	18.7102
127.68	18.7101
127.73	18.7114
127.78	18.7149
127.83	18.7178
127.88	18.7174
127.93	18.717
127.98	18.7213
128.03	18.7229
128.08	18.7167
128.13	18.7144
128.18	18.713
128.23	18.7173
128.28	18.7135
128.33	18.7141
128.38	18.718
128.43	18.72
128.48	18.7223
128.53	18.7272
128.58	18.7258
128.63	18.7219
128.68	18.7226
128.73	18.7227
128.78	18.7246
128.83	18.7254
128.88	18.7294
128.93	18.7328
128.98	18.7327
129.03	18.7323
129.08	18.7317
129.13	18.7338
129.18	18.7356
129.23	18.736
129.28	18.7353
129.33	18.7339
129.38	18.7331
129.43	18.733
129.48	18.7328
129.53	18.7369
129.58	18.7396
129.63	18.7449
129.68	18.7428
129.73	18.7453
129.78	18.7499
129.83	18.7518
129.88	18.7541
129.93	18.7564
129.98	18.7582
130.03	18.7606
130.08	18.7623
130.13	18.763
130.18	18.7676
130.23	18.7654
130.28	18.7734
130.33	18.7705
130.38	18.7749
130.43	18.7778
130.48	18.7777
130.53	18.7781
130.58	18.7784
130.63	18.7773
130.68	18.7772
130.73	18.7767
130.78	18.7772
130.83	18.779
130.88	18.7801
130.93	18.7851
130.98	18.7838
131.03	18.7847
131.08	18.787
131.13	18.791
131.18	18.7936
131.23	18.7954
131.28	18.796
131.33	18.7966
131.38	18.7965
131.43	18.7969
131.48	18.7979
131.53	18.7992
131.58	18.8001
131.63	18.8
131.68	18.8016
131.73	18.8011
131.78	18.8005
131.83	18.8007
131.88	18.8002
131.93	18.8006
131.98	18.8006
132.03	18.8039
132.08	18.8087
132.13	18.812
132.18	18.8136
132.23	18.8161
132.28	18.8172
132.33	18.8179
132.38	18.8184
132.43	18.8188
132.48	18.8174
132.53	18.8174
132.58	18.8166
132.63	18.8173
132.68	18.8198
132.73	18.8212
132.78	18.8215
132.83	18.8232
132.88	18.8313
132.93	18.8353
132.98	18.8386
133.03	18.8406
133.08	18.8412
133.13	18.8409
133.18	18.8419
133.23	18.845
133.28	18.846
133.33	18.8465
133.38	18.8476
133.43	18.8478
133.48	18.8486
133.53	18.8487
133.58	18.8483
133.63	18.8483
133.68	18.8489
133.73	18.8506
133.78	18.8532
133.83	18.8559
133.88	18.856
133.93	18.8557
133.98	18.8555
134.03	18.8581
134.08	18.8587
134.13	18.859
134.18	18.8586
134.23	18.8616
134.28	18.8658
134.33	18.8672
134.38	18.8676
134.43	18.868
134.48	18.8694
134.53	18.8702
134.58	18.8732
134.63	18.8759
134.68	18.8792
134.73	18.8809
134.78	18.8804
134.83	18.8803
134.88	18.8805
134.93	18.8792
134.98	18.8781
135.03	18.8778
135.08	18.8776
135.13	18.878
135.18	18.8789
135.23	18.879
135.28	18.8803
135.33	18.8833
135.38	18.8853
135.43	18.887
135.48	18.8882
135.53	18.8924
135.58	18.8961
135.63	18.8976
135.68	18.8975
135.73	18.8978
135.78	18.8979
135.83	18.8993
135.88	18.902
135.93	18.9041
135.98	18.9046
136.03	18.9046
136.08	18.904
136.13	18.903
136.18	18.9034
136.23	18.9035
136.28	18.9048
136.33	18.9056
136.38	18.9061
136.43	18.9071
136.48	18.909
136.53	18.9158
136.58	18.9128
136.63	18.9138
136.68	18.9137
136.73	18.9137
136.78	18.9134
136.83	18.9123
136.88	18.9148
136.93	18.9181
136.98	18.9206
137.03	18.9234
137.08	18.9258
137.13	18.9295
137.18	18.9303
137.23	18.9311
137.28	18.9325
137.33	18.9331
137.38	18.9335
137.43	18.9332
137.48	18.9329
137.53	18.9339
137.58	18.9342
137.63	18.9362
137.68	18.9364
137.73	18.9365
137.78	18.9366
137.83	18.9371
137.88	18.9374
137.93	18.938
137.98	18.9387
138.03	18.9402
138.08	18.9419
138.13	18.9444
138.18	18.9465
138.23	18.9481
138.28	18.9482
138.33	18.948
138.38	18.9483
138.43	18.9487
138.48	18.95
138.53	18.9524
138.58	18.9532
138.63	18.9521
138.68	18.9508
138.73	18.9526
138.78	18.9548
138.83	18.9555
138.88	18.9577
138.93	18.9606
138.98	18.962
139.03	18.962
139.08	18.9631
139.13	18.9645
139.18	18.9651
139.23	18.9666
139.28	18.9675
139.33	18.9682
139.38	18.9692
139.43	18.9692
139.48	18.9693
139.53	18.9696
139.58	18.9712
139.63	18.9722
139.68	18.9727
139.73	18.9734
139.78	18.973
139.83	18.973
139.88	18.975
139.93	18.9764
139.98	18.977
140.03	18.9774
140.08	18.9776
140.13	18.9778
140.18	18.9773
140.23	18.9778
140.28	18.9773
140.33	18.9781
140.38	18.9781
140.43	18.9783
140.48	18.9784
140.53	18.9784
140.58	18.9787
140.63	18.9846
140.68	18.981
140.73	18.9822
140.78	18.9825
140.83	18.9824
140.88	18.9832
140.93	18.9821
140.98	18.984
141.03	18.9853
141.08	18.9854
141.13	18.986
141.18	18.9862
141.23	18.9858
141.28	18.9882
141.33	18.9892
141.38	18.9896
141.43	18.9898
141.48	18.9898
141.53	18.9896
141.58	18.9889
141.63	18.9892
141.68	18.99
141.73	18.99
141.78	18.9911
141.83	18.9941
141.88	18.9994
141.93	19.0039
141.98	19.0113
142.03	19.016
142.08	19.0398
142.13	19.0438
142.18	19.0434
142.23	19.0482
142.28	19.0675
142.33	19.0921
142.38	19.1011
142.43	19.1045
142.48	19.1086
142.53	19.111
142.58	19.1135
142.63	19.1154
142.68	19.1164
142.73	19.117
142.78	19.1181
142.83	19.1201
142.88	19.123
142.93	19.1274
142.98	19.1295
143.03	19.131
143.08	19.1335
143.13	19.1389
143.18	19.1423
143.23	19.144
143.28	19.1454
143.33	19.1478
143.38	19.149
143.43	19.1501
143.48	19.1517
143.53	19.1536
143.58	19.1552
143.63	19.1564
143.68	19.158
143.73	19.1603
143.78	19.1619
143.83	19.1628
143.88	19.164
143.93	19.1653
143.98	19.1669
144.03	19.169
144.08	19.1712
144.13	19.1751
144.18	19.1803
144.23	19.1832
144.28	19.1857
144.33	19.1883
144.38	19.1905
144.43	19.1922
144.48	19.1942
144.53	19.1953
144.58	19.1976
144.63	19.199
144.68	19.2007
144.73	19.2026
144.78	19.2049
144.83	19.2061
144.88	19.2077
144.93	19.2094
144.98	19.2111
145.03	19.2125
145.08	19.2146
145.13	19.2169
145.18	19.2183
145.23	19.2198
145.28	19.2214
145.33	19.223
145.38	19.2251
145.43	19.2264
145.48	19.2282
145.53	19.2296
145.58	19.2313
145.63	19.2327
145.68	19.2335
145.73	19.2352
145.78	19.2368
145.83	19.2382
145.88	19.2393
145.93	19.2406
145.98	19.2419
146.03	19.2431
146.08	19.2442
146.13	19.2453
146.18	19.2458
146.23	19.2475
146.28	19.2489
146.33	19.2507
146.38	19.2515
146.43	19.252
146.48	19.2531
146.53	19.2542
146.58	19.2558
146.63	19.257
146.68	19.2576
146.73	19.2587
146.78	19.2595
146.83	19.2606
146.88	19.2614
146.93	19.2628
146.98	19.2637
147.03	19.2649
147.08	19.2658
147.13	19.2667
147.18	19.2678
147.23	19.2685
147.28	19.269
147.33	19.2707
147.38	19.2711
147.43	19.273
147.48	19.2734
147.53	19.2744
147.58	19.2755
147.63	19.2755
147.68	19.2768
147.73	19.2782
147.78	19.2787
147.83	19.2791
147.88	19.2807
147.93	19.281
147.98	19.2815
148.03	19.2821
148.08	19.2833
148.13	19.2837
148.18	19.2848
148.23	19.2853
148.28	19.2861
148.33	19.2868
148.38	19.2879
148.43	19.2879
148.48	19.2892
148.53	19.2895
148.58	19.2902
148.63	19.2916
148.68	19.2917
148.73	19.2929
148.78	19.2928
148.83	19.2945
148.88	19.2945
148.93	19.2957
148.98	19.2963
149.03	19.2965
149.08	19.2968
149.13	19.2977
149.18	19.2984
149.23	19.2988
149.28	19.3001
149.33	19.3004
149.38	19.3007
149.43	19.3011
